2999
2997
2992
2990
2987
2984
2981
2980
2978
2977
2973
2949
2969
2970
2964
2959
2957
2952
2955
2950
2951
2947
2943
2935
2932
2929
2928
2916
2927
2910
2920
2915
2918
2911
2907
2906
2904
2903
2898
2900
2896
2894
2893
2890
2881
2883
2868
2886
2876
2867
2874
2863
2861
2846
2860
2855
2854
2853
2852
2888
2848
2847
2845
2844
2839
2835
2832
2827
2826
2825
2824
2819
2816
2814
2813
2812
2811
2809
2807
2806
2804
2803
2801
2799
2798
2796
2793
2791
2787
2783
2780
2779
2776
2772
2769
2768
2764
2762
2760
2757
2756
2754
2753
2749
2745
2744
2742
2741
2739
2735
2732
2731
2730
2727
2717
2715
2713
2712
2709
2705
2701
2699
2698
2695
2693
2692
2691
2690
2689
2687
2686
2681
2677
2676
2668
2660
2659
2656
2651
2650
2648
2646
2638
2636
2635
2629
2627
2625
2621
2616
2612
2608
2605
2604
2603
2602
2600
2596
2593
2592
2590
2587
2585
2578
2577
2576
2573
2572
2563
2555
2554
2552
2547
2544
2543
2540
2539
2536
2533
2532
2530
2527
2525
2524
2521
2518
2515
2514
2508
2505
2504
2501
2496
2495
2493
2492
2489
2482
2481
2479
2474
2465
2464
2463
2462
2461
2460
2459
2455
2451
2450
2443
2440
2431
2430
2429
2428
2426
2415
2412
2411
2406
2404
2402
2399
2398
2395
2393
2390
2387
2385
2384
2383
2374
2373
2372
2369
2365
2362
2357
2351
2347
2346
2343
2337
2335
2334
2333
2332
2319
2315
2313
2312
2310
2309
2307
2306
2305
2302
2301
2299
2297
2296
2293
2291
2290
2285
2283
2278
2274
2273
2270
2268
2266
2264
2263
2256
2254
2249
2247
2245
2237
2235
2231
2230
2229
2227
2226
2225
2216
2215
2214
2213
2208
2205
2204
2202
2201
2200
2199
2196
2195
2193
2190
2183
2182
2181
2173
2168
2167
2166
2160
2157
2155
2146
2143
2138
2136
2134
2131
2130
2126
2125
2124
2123
2115
2107
2106
2105
2102
2098
2097
2094
2084
2082
2077
2075
2073
2072
2071
2070
2069
2068
2067
2066
2061
2060
2055
2054
2053
2049
2048
2047
2045
2044
2043
2041
2034
2031
2024
2016
2013
2010
2009
2008
2007
2003
2002
1999
1997
1993
1985
1981
1978
1975
1972
1970
1969
1967
1965
1960
1957
1956
1953
1950
1948
1946
1942
1940
1939
1935
1934
1932
1929
1926
1923
1922
1916
1915
1914
1913
1912
1911
1909
1908
1907
1901
1900
1896
1893
1886
1885
1881
1879
1878
1877
1875
1870
1867
1866
1861
1854
1850
1847
1844
1842
1840
1839
1838
1836
1831
1830
1828
1825
1822
1818
1817
1803
1802
1799
1798
1792
1789
1788
1787
1786
1785
1784
1782
1777
1775
1770
1767
1766
1765
1759
1755
1754
1751
1749
1746
1745
1735
1730
1726
1721
1720
1718
1717
1714
1711
1706
1697
1691
1689
1688
1687
1686
1682
1677
1675
1668
1664
1659
1657
1652
1646
1641
1639
1626
1624
1620
1618
1611
1607
1606
1602
1600
1599
1594
1593
1592
1590
1588
1583
1581
1580
1578
1576
1574
1572
1571
1569
1563
1557
1555
1550
1548
1530
1529
1528
1524
1523
1522
1518
1517
1516
1513
1512
1511
1510
1506
1504
1500
1498
1497
1493
1489
1488
1479
1477
1474
1473
1472
1468
1467
1466
1463
1461
1460
1456
1451
1449
1447
1444
1443
1440
1436
1435
1434
1432
1428
1419
1418
1417
1413
1410
1409
1407
1404
1399
1390
1385
1383
1382
1370
1358
1355
1354
1352
1342
1333
1329
1326
1325
1324
1321
1316
1310
1309
1305
1302
1300
1295
1291
1283
1277
1275
1270
1266
1264
1263
1255
1252
1248
1246
1244
1242
1240
1236
1233
1227
1223
1221
1220
1219
1217
1216
1211
1210
1200
1199
1198
1196
1189
1188
1184
1183
1179
1178
1176
1175
1173
1167
1161
1160
1159
1156
1155
1153
1151
1147
1138
1136
1135
1133
1130
1127
1123
1122
1119
1115
1111
1109
1107
1106
1105
1102
1101
1099
1097
1096
1094
1093
1092
1090
1085
1081
1077
1073
1071
1068
1062
1061
1058
1056
1055
1051
1049
1044
1037
1036
1025
1020
1019
1015
1014
1011
1006
1004
1001
998
995
994
993
984
982
980
976
975
974
972
970
969
966
961
959
957
956
951
950
946
942
940
939
927
921
918
909
908
907
906
902
901
900
895
879
877
876
875
874
872
870
869
868
867
866
863
862
861
858
856
849
848
847
842
840
839
837
835
832
824
821
816
815
813
811
810
809
802
798
791
787
786
785
783
778
776
775
773
772
770
768
765
762
761
757
752
750
746
742
736
735
734
730
727
724
723
722
720
716
714
713
711
710
708
707
702
701
699
698
688
687
683
681
678
663
660
658
657
655
650
649
648
643
640
638
634
632
627
625
623
622
620
614
611
609
608
601
600
599
598
595
594
592
591
589
586
585
583
576
574
573
570
569
564
559
556
555
554
553
549
547
546
543
542
541
539
538
537
535
534
526
521
514
512
510
508
506
505
503
502
501
495
488
487
481
479
476
474
470
468
467
465
458
456
453
452
442
439
438
435
430
428
427
425
424
419
418
417
414
413
412
403
401
399
398
397
396
394
378
376
375
372
365
358
356
352
349
347
343
341
338
337
336
333
332
325
322
321
314
311
310
307
304
303
302
301
299
298
297
294
291
286
285
284
282
281
277
276
272
263
262
261
260
257
255
253
245
244
235
232
229
227
222
219
210
209
205
203
190
186
183
175
174
172
170
169
165
164
161
158
156
155
152
151
147
145
144
143
140
136
132
131
130
128
123
120
119
112
111
107
103
97
90
89
88
87
84
82
78
75
74
65
60
53
50
48
47
46
42
41
40
39
31
30
29
22
17
16
14
11
10
9
6
4
3
1
0
2
5
7
8
12
13
15
18
19
20
21
23
24
25
26
27
28
32
33
34
35
36
37
38
43
44
45
49
51
52
54
55
56
57
58
59
61
62
63
64
66
67
68
69
70
71
72
73
76
77
79
80
81
83
85
86
91
92
93
94
95
96
98
99
100
101
102
104
105
106
108
109
110
113
114
115
116
117
118
121
122
124
125
126
127
129
133
134
135
137
138
139
141
142
146
148
149
150
153
154
157
159
160
162
163
166
167
168
171
173
176
177
178
179
180
181
182
184
185
187
188
189
191
192
193
194
195
196
197
198
199
206
200
320
420
242
463
237
207
545
208
241
630
725
211
250
212
201
213
202
216
204
226
743
270
274
234
248
287
246
312
214
324
844
247
215
217
218
278
258
220
221
223
275
894
266
518
305
926
944
986
432
1002
269
1074
271
1152
1229
1273
316
1278
1285
279
224
288
1357
1395
1539
295
225
1556
1570
1603
1617
1645
1666
1739
300
527
1807
1952
1974
2011
228
230
306
2022
2025
2076
2149
2154
2207
2240
2277
2392
2476
2502
2545
2622
2637
339
754
308
911
309
364
2655
231
326
2746
2775
2810
2820
2830
233
342
315
