2999
2998
2997
2996
2995
2994
2949
2947
2992
2952
2990
2984
2981
2969
2987
2910
2989
2929
2993
2950
2991
2928
2868
2980
2986
2983
2973
2835
2985
2982
2890
2814
2979
2812
2978
2964
2807
2977
2867
2959
2972
2971
2863
2957
2974
2951
2846
2988
2943
2762
2935
2915
2970
2916
2932
2745
2966
2927
2739
2911
2845
2960
2768
2956
2764
2907
2955
2967
2976
2975
2757
2906
2963
2945
2903
2677
2898
2876
2962
2659
2925
2605
2896
2587
2954
2894
2968
2881
2883
2585
2874
2819
2965
2946
2578
2904
2961
2942
2839
2931
2900
2958
2953
2922
2744
2948
2920
2892
2944
2919
2861
2865
2941
2860
2735
2938
2855
2899
2854
2715
2853
2918
2886
2914
2629
2884
2940
2852
2592
2847
2939
2573
2913
2870
2937
2796
2844
2936
2552
2832
2699
2830
2934
2879
2923
2921
2933
2525
2930
2848
2827
2909
2450
2826
2882
2901
2895
2912
2908
2825
2824
2543
2820
2816
2404
2926
2897
2811
2924
2809
2455
2917
2804
2905
2813
2810
2365
2902
2893
2891
2803
2335
2278
2802
2799
2889
2798
2772
2793
2695
2880
2787
2563
2783
2249
2779
2888
2749
2776
2247
2887
2786
2297
2859
2885
2878
2877
2871
2775
2216
2769
2293
2785
2849
2875
2266
2760
2873
2777
2774
2872
2756
2182
2864
2746
2742
2166
2730
2869
2866
2690
2862
2857
2858
2856
2727
2773
2157
2737
2713
2650
2843
2851
2600
2712
2842
2841
2544
2705
2741
2840
2836
2060
2701
2698
2155
2833
2702
2143
2692
2821
2691
2758
2689
2831
2850
2838
2837
2834
2686
2817
2668
2828
2815
2656
2107
2795
2829
2823
2822
2818
2763
2805
1911
2655
2801
1900
2648
2808
2733
2794
2806
2800
2754
2637
2627
1960
2625
2797
2792
2791
2576
1939
2622
2616
2612
2694
2608
2681
1878
2596
2590
2651
2577
2555
2790
2789
2722
2788
2782
1789
2547
2784
2781
2641
2545
2780
2630
2640
2540
2539
2514
2638
2635
2533
1785
2778
1730
2530
2504
1932
2598
2524
1706
2521
2479
2771
2501
2767
2753
2532
2529
2770
2766
2765
2761
2451
2759
2750
2736
2518
1847
2649
2515
1691
2747
2618
2505
1831
2502
2495
1626
2489
2755
2752
2465
2738
2751
2748
2743
2740
2476
2734
2732
2731
2729
2728
2726
2725
2724
2723
2460
2721
2709
2474
1592
2463
1830
2462
2461
2718
2717
1583
2440
2719
2431
2720
2708
1578
2508
2430
2428
2566
2707
2415
2716
2387
2490
2714
2711
2710
2706
2703
2385
2700
2374
2429
2697
2704
2693
2604
2680
2519
2426
2492
2412
1787
2687
2684
2372
1563
2696
2682
2688
1784
2411
2536
2685
2683
2679
2357
2675
2315
2486
2406
1717
2678
2676
2674
2520
2673
2665
2402
2313
2672
2399
2671
2670
2392
2669
2383
1522
2667
2447
2390
2452
2666
2301
2389
2373
2660
2369
2299
1512
2664
2215
2362
1498
2351
2347
1652
2663
2438
2346
2662
2661
2653
2332
2337
2425
2334
2594
2658
2632
2333
2496
2607
2652
2657
2319
2309
1479
2647
2642
1443
2571
2654
2646
2636
2645
2443
2644
2631
2213
2606
2306
2305
2291
2643
2290
2256
2639
2285
2623
2568
2296
2283
1620
2277
2274
1590
2634
2229
1333
2621
2418
1324
2626
2633
2201
2628
2624
2398
2273
2381
2270
1569
2268
2264
1523
2620
2263
2134
2619
2124
2254
1175
2617
2614
1107
2375
1106
2240
2615
2613
2350
2602
1097
2237
2610
2235
2343
2601
1071
2560
2599
2557
2611
2597
2231
2609
2204
2230
2603
2595
2593
2591
2589
2588
2586
2584
2580
2526
2227
2583
2370
2510
2579
994
2572
2202
2582
2581
2214
2082
2208
2575
2569
2574
975
2567
2190
2302
2570
2558
908
2565
2559
1500
2564
2207
2562
2561
2554
902
2200
2360
2199
2550
2181
2196
2075
2556
2136
1467
2195
2339
2553
2551
2549
2548
2509
2494
2193
1466
2183
1321
2160
2499
2546
2537
2154
2149
2138
900
2542
2541
2493
895
2126
2488
1302
2528
2538
2125
2115
2483
870
2535
2498
835
2123
2066
2534
2485
2531
2527
2041
2523
720
2522
2513
699
2106
2102
2487
688
2260
2105
2481
2484
2517
648
2098
2478
2225
2097
1277
2094
2516
1252
2512
2304
2511
2482
638
2507
2506
2073
546
2076
2072
2070
2480
2069
1217
2068
2031
2503
2055
542
2054
2013
2053
2007
2477
2320
2475
2464
2500
2048
2497
2491
2045
2473
2047
514
2044
1178
2043
2287
2468
2205
2191
470
2459
2472
2165
2471
2470
2469
2467
2003
2034
2466
2458
2454
1950
2449
2312
2025
2022
2016
2117
2011
2444
2427
1127
2457
1999
2008
1907
2441
2456
2002
1854
2446
1842
1997
2453
1935
2434
465
1993
2116
1985
2448
1978
2410
2110
2408
2103
2439
1974
2432
1972
2445
2405
1969
1838
1967
2401
1957
1105
1956
2397
456
1953
2436
2435
1952
1948
2423
2057
1940
2354
2421
2298
2077
1934
1929
2420
417
2442
1020
1926
2433
414
2416
1922
2382
2049
1915
2024
2422
1914
2353
1998
378
1912
2292
2409
1973
2437
2424
1909
1817
2245
1908
2322
376
1896
2361
1879
322
2395
2393
980
1875
2419
2417
2414
2413
2407
1986
2314
1870
1803
1970
2403
255
1867
1786
2226
2400
2396
2394
1850
2358
253
1866
2203
1844
2391
1840
2168
2388
1788
209
2386
2384
1765
1839
1836
2348
2380
1782
1828
1759
2307
1825
1746
2151
169
1818
2379
1735
1807
1802
2378
2377
1792
1767
939
2146
143
2251
2244
1901
1766
2130
1755
1726
2368
1975
1754
2376
918
2355
1749
2352
2371
2367
2341
132
2366
1721
131
1739
1720
2131
1718
2017
2364
2363
2010
2359
2349
1714
2356
2009
1965
2340
2329
2336
107
2243
2328
1711
1594
2325
2345
2344
1689
2217
2239
2174
2342
2338
2331
2303
2330
1688
2286
2321
2173
2167
1687
2327
877
1686
1897
1682
2326
1931
2180
1675
1892
2324
2323
2310
1668
1593
84
2318
2317
1664
1906
1919
1666
1659
1600
1657
1645
1617
1895
41
1611
1581
0
1606
1880
1865
2280
1603
2279
