99999
99995
99994
99993
99992
99991
99990
99988
99987
99986
99985
99984
99980
99979
99978
99974
99971
99970
99969
99968
99963
99961
99949
99957
99953
99960
99959
99955
99954
99952
99950
99947
99945
99944
99941
99940
99939
99938
99937
99935
99932
99927
99926
99925
99922
99921
99920
99918
99916
99911
99910
99909
99908
99906
99904
99903
99902
99901
99900
99898
99895
99893
99892
99890
99887
99882
99881
99880
99875
99874
99873
99872
99871
99870
99868
99866
99864
99863
99861
99860
99855
99854
99852
99850
99849
99848
99846
99845
99843
99839
99841
99784
99838
99830
99819
99844
99842
99836
99835
99831
99829
99828
99826
99825
99824
99818
99816
99815
99814
99810
99808
99807
99805
99804
99803
99802
99801
99800
99799
99796
99795
99794
99792
99790
99789
99788
99787
99785
99783
99782
99781
99780
99777
99776
99775
99774
99773
99772
99765
99763
99762
99761
99759
99754
99749
99747
99746
99745
99742
99740
99739
99738
99737
99736
99733
99732
99729
99728
99722
99721
99720
99717
99715
99713
99712
99704
99703
99701
99700
99697
99696
99689
99685
99683
99680
99678
99675
99670
99666
99661
99659
99658
99657
99656
99655
99654
99653
99651
99650
99647
99645
99643
99642
99638
99634
99633
99632
99631
99630
99627
99626
99623
99612
99611
99605
99603
99601
99600
99599
99597
99595
99594
99593
99592
99590
99583
99582
99581
99579
99577
99576
99575
99574
99573
99569
99568
99567
99566
99560
99559
99556
99552
99548
99546
99543
99538
99537
99536
99533
99532
99531
99529
99527
99524
99522
99521
99520
99519
99518
99515
99514
99513
99512
99510
99509
99506
99502
99501
99500
99497
99493
99492
99491
99489
99488
99486
99485
99483
99482
99480
99479
99478
99477
99475
99474
99473
99469
99464
99462
99461
99459
99457
99456
99455
99454
99451
99449
99448
99447
99446
99442
99441
99440
99438
99434
99432
99431
99429
99427
99424
99423
99421
99419
99418
99414
99411
99410
99409
99408
99407
99404
99403
99402
99401
99400
99398
99397
99396
99392
99391
99389
99386
99384
99382
99380
99377
99374
99373
99370
99365
99363
99355
99353
99351
99350
99349
99342
99340
99337
99332
99326
99324
99321
99320
99316
99312
99311
99310
99309
99308
99307
99305
99303
99301
99299
99297
99296
99294
99293
99291
99289
99284
99283
99282
99279
99278
99276
99274
99272
99271
99270
99269
99268
99265
99264
99260
99258
99257
99255
99253
99252
99245
99244
99242
99235
99232
99231
99230
99228
99227
99224
99221
99216
99214
99212
99211
99209
99208
99207
99206
99204
99201
99200
99197
99196
99191
99190
99189
99188
99183
99182
99181
99180
99178
99177
99176
99171
99168
99167
99166
99165
99164
99162
99157
99152
99150
99145
99144
99143
99141
99140
99139
99138
99136
99134
99133
99132
99131
99123
99120
99118
99117
99114
99113
99112
99109
99108
99107
99104
99102
99100
99099
99098
99097
99095
99094
99093
99091
99084
99080
99079
99078
99074
99073
99070
99068
99067
99066
99065
99062
99060
99058
99057
99056
99053
99050
99049
99043
99039
99037
99034
99033
99029
99028
99024
99022
99020
99019
99018
99017
99016
99015
99014
99011
99009
99005
99004
99003
99001
98999
98995
98994
98993
98990
98988
98985
98984
98983
98982
98981
98980
98979
98978
98975
98974
98972
98970
98969
98968
98966
98964
98961
98958
98957
98956
98954
98952
98950
98949
98947
98944
98942
98941
98940
98938
98936
98935
98932
98929
98927
98926
98924
98922
98917
98914
98913
98909
98907
98905
98904
98903
98902
98900
98898
98895
98891
98889
98888
98887
98883
98880
98879
98878
98875
98874
98872
98869
98867
98866
98865
98864
98863
98862
98859
98858
98857
98855
98854
98852
98848
98845
98843
98842
98841
98835
98834
98833
98830
98829
98828
98827
98826
98825
98824
98823
98820
98817
98816
98815
98809
98808
98806
98804
98802
98801
98800
98799
98798
98796
98793
98792
98791
98787
98785
98784
98783
98781
98780
98779
98778
98777
98776
98774
98773
98769
98768
98767
98766
98764
98758
98757
98755
98751
98750
98749
98748
98746
98743
98742
98741
98739
98738
98736
98735
98734
98732
98730
98728
98727
98726
98725
98724
98723
98721
98718
98715
98713
98709
98706
98704
98703
98698
98697
98695
98694
98693
98692
98691
98689
98687
98683
98682
98681
98680
98678
98677
98676
98674
98673
98672
98671
98669
98668
98665
98664
98663
98660
98659
98658
98657
98654
98653
98652
98649
98647
98646
98644
98638
98636
98634
98633
98632
98631
98630
98627
98626
98624
98623
98622
98619
98618
98617
98616
98614
98612
98609
98608
98606
98605
98604
98598
98597
98593
98591
98590
98589
98588
98587
98586
98584
98582
98581
98580
98578
98575
98574
98572
98571
98570
98569
98568
98566
98565
98562
98561
98558
98557
98556
98555
98554
98553
98552
98551
98550
98548
98547
98545
98544
98543
98541
98535
98530
98529
98528
98527
98523
98520
98518
98514
98513
98508
98505
98502
98499
98497
98495
98493
98492
98491
98488
98487
98485
98484
98483
98482
98481
98478
98466
98464
98462
98460
98459
98457
98456
98455
98454
98447
98445
98444
98443
98441
98440
98434
98432
98431
98428
98427
98426
98424
98423
98421
98420
98417
98413
98412
98407
98406
98399
98397
98396
98395
98390
98386
98385
98383
98376
98374
98373
98370
98368
98367
98359
98355
98353
98351
98350
98349
98347
98346
98345
98344
98343
98341
98340
98339
98338
98337
98336
98335
98334
98331
98330
98329
98325
98323
98322
98321
98320
98316
98313
98311
98310
98309
98307
98303
98301
98297
98296
98295
98293
98289
98288
98287
98284
98282
98277
98276
98275
98273
98270
98268
98267
98266
98264
98262
98260
98259
98258
98252
98250
98249
98244
98243
98240
98239
98238
98236
98235
98232
98231
98230
98229
98227
98225
98224
98221
98217
98216
98214
98211
98208
98204
98202
98201
98196
98194
98193
98189
98187
98186
98184
98180
98179
98178
98175
98173
98171
98170
98169
98158
98157
98155
98150
98149
98147
98145
98141
98140
98139
98138
98136
98133
98126
98125
98123
98121
98119
98118
98117
98115
98112
98111
98110
98109
98107
98106
98105
98104
98103
98101
98096
98094
98093
98092
98088
98084
98083
98082
98078
98074
98072
98068
98066
98065
98064
98063
98062
98061
98060
98058
98057
98055
98054
98053
98052
98051
98050
98048
98047
98045
98044
98042
98041
98040
98039
98038
98035
98034
98033
98031
98030
98029
98027
98026
98021
98019
98015
98014
98012
98006
98005
98004
97999
97998
97997
97993
97992
97986
97984
97983
97981
97979
97976
97973
97971
97970
97968
97967
97965
97964
97963
97962
97961
97960
97959
97958
97957
97956
97955
97954
97953
97949
97947
97946
97945
97944
97942
97941
97940
97939
97937
97934
97931
97930
97928
97920
97919
97917
97916
97915
97914
97912
97909
97901
97900
97897
97891
97890
97889
97884
97883
97881
97880
97878
97877
97875
97873
97871
97864
97863
97862
97860
97856
97855
97854
97852
97846
97845
97842
97841
97834
97832
97831
97830
97828
97827
97826
97824
97820
97818
97815
97810
97808
97806
97805
97804
97803
97799
97798
97793
97792
97789
97788
97786
97781
97779
97778
97776
97773
97772
97770
97769
97766
97763
97758
97753
97751
97748
97747
97744
97737
97736
97734
97733
97725
97724
97721
97719
97715
97714
97713
97710
97707
97705
97703
97702
97698
97695
97693
97690
97686
97681
97680
97679
97678
97677
97674
97673
97672
97671
97669
97668
97667
97666
97664
97662
97657
97656
97653
97652
97645
97643
97642
97640
97639
97638
97637
97636
97632
97631
97630
97627
97625
97624
97620
97616
97615
97614
97613
97612
97611
97610
97609
97604
97600
97599
97598
97597
97595
97594
97593
97592
97588
97587
97585
97584
97581
97578
97577
97575
97574
97573
97572
97571
97570
97569
97564
97563
97561
97559
97558
97556
97554
97552
97551
97547
97546
97544
97543
97542
97540
97537
97536
97535
97534
97528
97522
97521
97520
97519
97518
97515
97512
97510
97509
97508
97505
97504
97503
97497
97496
97493
97492
97488
97487
97486
97484
97483
97482
97481
97480
97479
97478
97477
97475
97473
97472
97470
97468
97467
97465
97462
97457
97456
97451
97449
97448
97447
97445
97444
97438
97435
97433
97432
97431
97427
97424
97423
97422
97420
97418
97416
97415
97412
97411
97410
97409
97405
97401
97399
97398
97391
97390
97389
97385
97384
97383
97379
97376
97373
97372
97371
97370
97369
97368
97367
97366
97364
97362
97360
97359
97358
97356
97355
97354
97353
97351
97350
97348
97346
97342
97340
97339
97336
97335
97334
97333
97332
97331
97329
97328
97325
97322
97321
97320
97319
97317
97316
97315
97304
97302
97301
97299
97294
97292
97289
97287
97286
97285
97284
97282
97280
97279
97278
97276
97274
97272
97271
97270
97266
97263
97261
97260
97259
97258
97256
97253
97249
97243
97241
97239
97238
97235
97231
97230
97229
97227
97226
97225
97218
97217
97213
97212
97211
97205
97202
97201
97199
97197
97196
97193
97191
97190
97188
97187
97186
97185
97183
97182
97176
97174
97172
97171
97170
97169
97168
97167
97166
97165
97164
97162
97159
97158
97157
97156
97155
97154
97153
97152
97151
97150
97149
97146
97145
97143
97142
97140
97139
97136
97135
97134
97133
97128
97125
97123
97121
97115
97113
97111
97110
97106
97104
97102
97101
97099
97098
97097
97096
97095
97092
97090
97086
97085
97084
97083
97082
97081
97079
97077
97075
97074
97068
97064
97063
97062
97059
97058
97056
97055
97054
97053
97049
97048
97047
97045
97043
97042
97041
97039
97037
97035
97030
97029
97024
97017
97015
97013
97008
97005
97003
97002
97001
97000
96998
96997
96996
96995
96994
96990
96989
96988
96986
96983
96979
96978
96977
96975
96971
96969
96968
96965
96963
96962
96959
96955
96953
96952
96951
96950
96949
96948
96947
96945
96944
96934
96933
96930
96929
96926
96924
96921
96919
96916
96914
96913
96911
96909
96905
96904
96901
96898
96893
96892
96887
96886
96885
96882
96877
96876
96871
96870
96869
96868
96867
96866
96863
96861
96860
96857
96856
96850
96849
96845
96844
96842
96841
96840
96839
96838
96832
96831
96830
96829
96827
96826
96823
96822
96818
96817
96815
96814
96811
96809
96807
96804
96803
96801
96799
96796
96794
96792
96789
96788
96787
96786
96785
96778
96777
96774
96773
96772
96771
96770
96769
96765
96764
96763
96762
96757
96755
96754
96753
96752
96750
96749
96745
96744
96743
96742
96739
96737
96736
96735
96734
96731
96730
96729
96727
96726
96722
96720
96717
96715
96713
96712
96708
96705
96703
96698
96697
96696
96693
96692
96687
96686
96680
96678
96676
96675
96672
96671
96669
96667
96666
96664
96662
96660
96659
96658
96657
96656
96655
96654
96653
96652
96651
96650
96649
96648
96645
96644
96643
96640
96639
96636
96635
96634
96633
96631
96630
96626
96625
96621
96619
96618
96614
96613
96611
96609
96607
96603
96597
96596
96594
96591
96590
96589
96581
96580
96578
96575
96573
96572
96570
96569
96568
96563
96561
96559
96556
96554
96552
96551
96547
96546
96544
96543
96536
96533
96532
96530
96529
96528
96525
96523
96522
96520
96519
96518
96517
96516
96514
96513
96512
96509
96507
96506
96505
96503
96499
96496
96492
96491
96490
96489
96488
96485
96481
96480
96476
96475
96469
96468
96467
96463
96462
96461
96460
96455
96453
96449
96446
96443
96442
96436
96434
96431
96430
96429
96428
96423
96422
96421
96420
96418
96415
96414
96411
96409
96407
96404
96403
96400
96397
96396
96395
96391
96390
96389
96388
96384
96382
96380
96379
96378
96373
96371
96370
96369
96368
96366
96364
96362
96361
96358
96357
96356
96354
96353
96352
96348
96347
96345
96340
96336
96335
96332
96326
96325
96324
96323
96315
96314
96313
96311
96309
96306
96302
96299
96298
96297
96296
96292
96291
96290
96286
96282
96280
96277
96276
96275
96274
96273
96272
96268
96261
96260
96259
96258
96253
96252
96251
96250
96248
96246
96245
96244
96243
96239
96238
96234
96232
96230
96229
96228
96226
96223
96222
96220
96216
96214
96212
96209
96206
96203
96202
96200
96198
96197
96196
96194
96192
96191
96190
96189
96188
96187
96183
96181
96179
96178
96177
96170
96169
96168
96167
96165
96164
96163
96161
96159
96157
96156
96152
96151
96150
96148
96147
96146
96145
96143
96142
96139
96138
96137
96136
96132
96131
96130
96121
96116
96113
96111
96110
96104
96101
96100
96099
96098
96097
96096
96091
96090
96088
96087
96084
96082
96081
96080
96079
96078
96077
96072
96070
96069
96068
96067
96066
96063
96061
96059
96057
96056
96053
96052
96048
96045
96043
96041
96040
96036
96034
96033
96032
96031
96030
96028
96027
96022
96021
96019
96017
96015
96011
96010
96008
96007
96006
96005
96003
96002
96001
96000
95998
95995
95993
95992
95991
95989
95987
95983
95981
95980
95977
95976
95975
95973
95972
95969
95968
95967
95966
95964
95962
95961
95956
95955
95953
95952
95951
95950
95948
95947
95945
95942
95939
95937
95936
95935
95934
95932
95925
95917
95916
95915
95912
95909
95907
95906
95905
95904
95903
95902
95897
95896
95894
95893
95891
95885
95883
95882
95881
95879
95878
95875
95874
95873
95872
95871
95869
95868
95865
95864
95862
95861
95859
95857
95856
95855
95852
95851
95849
95847
95844
95843
95840
95835
95833
95831
95829
95828
95827
95826
95825
95824
95823
95822
95821
95820
95817
95816
95815
95813
95809
95805
95801
95799
95796
95795
95791
95789
95788
95785
95784
95782
95779
95778
95777
95776
95775
95774
95773
95771
95769
95768
95767
95766
95764
95763
95761
95760
95759
95755
95753
95752
95751
95749
95742
95739
95738
95734
95733
95732
95731
95728
95727
95724
95722
95721
95719
95718
95717
95714
95713
95706
95703
95700
95699
95698
95697
95694
95692
95688
95687
95685
95683
95680
95679
95678
95677
95676
95675
95674
95669
95667
95666
95665
95663
95662
95661
95650
95649
95648
95647
95646
95640
95638
95636
95634
95633
95632
95629
95628
95627
95625
95624
95621
95619
95618
95615
95613
95610
95609
95608
95607
95606
95603
95599
95598
95596
95595
95594
95593
95591
95588
95578
95574
95573
95572
95570
95569
95568
95565
95564
95563
95562
95560
95559
95558
95556
95554
95552
95550
95549
95546
95544
95541
95539
95535
95530
95527
95526
95523
95522
95521
95520
95519
95515
95514
95512
95511
95509
95508
95507
95506
95503
95500
95499
95498
95497
95489
95488
95487
95486
95485
95484
95483
95482
95481
95479
95478
95475
95474
95471
95469
95468
95465
95462
95461
95460
95453
95449
95447
95446
95445
95442
95441
95439
95437
95434
95432
95431
95430
95429
95427
95423
95420
95418
95417
95416
95412
95409
95408
95407
95403
95401
95399
95394
95393
95392
95391
95390
95388
95385
95383
95379
95376
95375
95372
95370
95368
95367
95365
95364
95362
95360
95359
95356
95355
95354
95353
95351
95350
95349
95348
95347
95346
95345
95344
95343
95341
95340
95337
95336
95334
95331
95329
95328
95326
95323
95322
95320
95318
95317
95313
95312
95311
95310
95309
95304
95303
95302
95296
95295
95294
95293
95290
95287
95286
95285
95284
95283
95282
95280
95279
95277
95276
95273
95271
95270
95269
95268
95267
95264
95263
95261
95260
95258
95257
95256
95255
95253
95251
95250
95249
95247
95246
95245
95244
95243
95237
95234
95232
95231
95226
95222
95219
95216
95214
95213
95212
95207
95206
95204
95200
95199
95198
95196
95192
95191
95190
95188
95186
95183
95180
95178
95176
95175
95174
95172
95169
95168
95167
95166
95165
95163
95160
95158
95156
95153
95152
95151
95150
95146
95145
95142
95141
95138
95137
95136
95135
95134
95133
95132
95130
95129
95126
95122
95118
95117
95109
95105
95103
95101
95100
95098
95095
95090
95088
95087
95086
95085
95084
95082
95081
95079
95077
95072
95070
95068
95067
95065
95063
95062
95060
95059
95057
95056
95055
95054
95053
95050
95047
95044
95041
95039
95036
95033
95032
95030
95029
95027
95021
95013
95012
95007
95004
95002
95000
94999
94998
94996
94995
94994
94992
94990
94989
94988
94986
94985
94982
94980
94979
94978
94977
94975
94974
94971
94970
94967
94964
94961
94957
94956
94954
94953
94951
94949
94946
94944
94941
94939
94938
94935
94934
94933
94932
94930
94928
94927
94926
94924
94923
94922
94920
94914
94913
94911
94910
94909
94908
94906
94904
94902
94901
94899
94898
94897
94896
94893
94892
94891
94890
94887
94883
94877
94875
94873
94871
94870
94869
94868
94867
94866
94865
94864
94863
94859
94856
94854
94853
94849
94848
94846
94844
94843
94842
94840
94839
94838
94837
94833
94830
94829
94828
94826
94824
94821
94818
94817
94816
94814
94813
94812
94811
94810
94808
94807
94806
94805
94804
94803
94802
94800
94798
94795
94792
94791
94788
94786
94785
94784
94783
94781
94778
94776
94774
94772
94770
94769
94767
94766
94761
94760
94759
94757
94756
94755
94754
94752
94749
94747
94746
94745
94744
94741
94740
94739
94737
94734
94732
94729
94728
94727
94726
94725
94721
94719
94717
94709
94708
94707
94706
94705
94702
94701
94698
94693
94690
94684
94683
94682
94681
94680
94679
94677
94676
94675
94671
94668
94667
94665
94659
94658
94656
94655
94653
94651
94650
94648
94646
94645
94642
94641
94639
94636
94635
94630
94624
94619
94618
94617
94615
94614
94611
94610
94609
94608
94605
94604
94603
94602
94601
94600
94598
94596
94594
94593
94592
94591
94590
94587
94584
94583
94582
94581
94580
94578
94577
94574
94572
94567
94566
94565
94563
94562
94560
94556
94554
94553
94552
94550
94547
94546
94544
94539
94538
94535
94531
94528
94526
94525
94523
94522
94516
94514
94513
94512
94509
94507
94505
94504
94501
94500
94498
94497
94494
94493
94491
94490
94489
94486
94483
94482
94481
94478
94477
94476
94475
94474
94473
94470
94469
94468
94467
94466
94465
94462
94460
94457
94455
94454
94453
94451
94450
94448
94445
94444
94443
94440
94439
94437
94436
94434
94433
94431
94428
94426
94425
94424
94422
94421
94418
94417
94415
94410
94405
94403
94401
94399
94398
94391
94390
94386
94384
94383
94382
94380
94379
94376
94375
94373
94369
94366
94365
94356
94355
94354
94353
94349
94348
94347
94345
94344
94339
94336
94334
94331
94330
94328
94322
94321
94320
94317
94315
94313
94312
94310
94309
94308
94306
94305
94304
94303
94299
94297
94295
94294
94293
94291
94290
94288
94287
94286
94285
94284
94283
94281
94279
94275
94273
94271
94269
94263
94261
94260
94259
94257
94256
94254
94253
94251
94248
94244
94241
94237
94235
94234
94233
94232
94231
94230
94229
94228
94224
94223
94222
94219
94218
94216
94215
94214
94209
94208
94207
94206
94204
94203
94202
94201
94200
94198
94195
94194
94193
94192
94190
94188
94186
94185
94184
94178
94176
94171
94170
94167
94166
94165
94164
94163
94162
94160
94159
94156
94155
94153
94152
94150
94149
94143
94141
94140
94136
94134
94133
94132
94129
94126
94125
94124
94122
94121
94119
94118
94116
94115
94114
94113
94110
94108
94105
94103
94102
94101
94099
94098
94097
94096
94095
94091
94090
94087
94086
94085
94080
94076
94075
94074
94073
94072
94067
94063
94062
94061
94060
94059
94058
94052
94051
94050
94049
94046
94045
94044
94042
94041
94040
94034
94029
94027
94019
94014
94012
94009
94008
94007
94006
94005
94004
93999
93998
93997
93996
93995
93994
93992
93991
93988
93986
93985
93984
93981
93977
93975
93972
93971
93968
93966
93964
93963
93962
93961
93959
93958
93946
93945
93939
93938
93931
93928
93927
93926
93923
93922
93921
93919
93917
93915
93913
93912
93910
93909
93906
93903
93902
93900
93897
93896
93895
93893
93892
93891
93890
93889
93886
93885
93884
93882
93880
93877
93875
93874
93873
93870
93869
93865
93864
93863
93862
93861
93860
93858
93856
93855
93850
93845
93844
93843
93840
93839
93838
93836
93835
93833
93832
93831
93828
93827
93826
93825
93824
93823
93822
93821
93819
93817
93816
93815
93814
93813
93812
93808
93806
93805
93802
93799
93798
93797
93795
93793
93789
93788
93786
93785
93778
93777
93776
93775
93772
93769
93767
93766
93765
93761
93759
93755
93753
93752
93751
93748
93747
93746
93745
93742
93739
93737
93734
93733
93728
93727
93726
93723
93720
93718
93716
93715
93714
93712
93711
93710
93708
93707
93704
93702
93701
93700
93699
93697
93696
93695
93693
93688
93687
93686
93684
93683
93675
93669
93668
93667
93666
93664
93660
93658
93656
93652
93651
93649
93648
93647
93646
93644
93643
93639
93638
93636
93635
93633
93628
93624
93622
93620
93612
93610
93609
93608
93607
93605
93601
93600
93599
93593
93592
93586
93585
93582
93581
93580
93579
93578
93577
93575
93574
93572
93570
93568
93566
93565
93563
93562
93560
93559
93557
93555
93554
93553
93552
93550
93549
93548
93547
93546
93540
93535
93533
93532
93529
93526
93525
93523
93519
93517
93516
93514
93513
93512
93510
93509
93506
93503
93499
93498
93497
93496
93493
93491
93490
93489
93487
93485
93481
93480
93478
93469
93468
93464
93463
93462
93460
93457
93455
93450
93447
93445
93444
93443
93442
93441
93440
93439
93431
93430
93427
93424
93423
93422
93421
93420
93419
93417
93414
93413
93409
93406
93405
93403
93402
93400
93398
93396
93395
93394
93392
93391
93389
93387
93382
93381
93378
93374
93373
93368
93367
93364
93363
93361
93360
93359
93355
93353
93349
93347
93346
93341
93337
93336
93334
93333
93331
93329
93326
93325
93324
93322
93317
93312
93310
93309
93308
93307
93305
93303
93301
93300
93298
93296
93292
93288
93284
93283
93282
93279
93277
93276
93274
93273
93272
93270
93267
93261
93260
93258
93256
93254
93253
93252
93251
93250
93249
93248
93247
93245
93244
93241
93237
93236
93234
93229
93227
93225
93222
93220
93218
93217
93212
93211
93210
93204
93203
93201
93198
93197
93196
93195
93194
93191
93185
93183
93180
93179
93178
93176
93175
93171
93167
93163
93162
93161
93158
93155
93153
93152
93150
93147
93145
93144
93143
93141
93140
93137
93136
93135
93134
93132
93127
93125
93124
93123
93122
93120
93119
93118
93117
93116
93115
93114
93113
93112
93110
93108
93105
93104
93101
93097
93095
93093
93092
93091
93090
93086
93085
93084
93083
93082
93079
93078
93076
93074
93072
93070
93069
93066
93063
93062
93061
93060
93059
93058
93056
93052
93051
93049
93048
93047
93042
93039
93038
93030
93029
93023
93020
93019
93018
93014
93013
93012
93004
93003
93001
92999
92993
92992
92991
92990
92985
92984
92980
92978
92977
92976
92974
92973
92972
92971
92970
92969
92967
92966
92965
92964
92963
92962
92961
92960
92958
92957
92955
92954
92952
92950
92949
92947
92943
92942
92939
92938
92937
92936
92931
92930
92929
92927
92926
92922
92921
92920
92919
92917
92916
92913
92911
92910
92909
92907
92905
92902
92901
92899
92898
92892
92891
92890
92889
92885
92882
92876
92875
92873
92867
92865
92864
92862
92860
92858
92857
92856
92855
92851
92849
92847
92845
92842
92840
92839
92838
92836
92835
92833
92832
92831
92829
92828
92827
92825
92823
92821
92819
92817
92814
92813
92812
92810
92808
92804
92801
92800
92798
92795
92793
92791
92789
92788
92787
92786
92785
92781
92780
92779
92777
92775
92774
92771
92770
92769
92768
92767
92763
92762
92761
92760
92757
92754
92752
92751
92750
92747
92746
92745
92743
92742
92740
92739
92738
92736
92729
92728
92726
92725
92721
92720
92717
92716
92713
92711
92709
92708
92706
92704
92702
92701
92700
92697
92696
92695
92693
92692
92686
92685
92683
92682
92680
92679
92678
92676
92675
92673
92672
92671
92669
92668
92664
92662
92661
92660
92658
92657
92656
92655
92653
92652
92650
92643
92642
92639
92638
92636
92630
92629
92628
92627
92626
92625
92623
92620
92619
92617
92616
92612
92611
92610
92608
92607
92606
92604
92599
92597
92595
92593
92592
92590
92589
92584
92583
92581
92578
92575
92574
92572
92571
92569
92567
92566
92565
92561
92558
92557
92555
92554
92551
92549
92548
92546
92545
92544
92543
92542
92541
92540
92539
92538
92536
92534
92531
92530
92526
92525
92524
92523
92521
92519
92518
92517
92515
92513
92511
92509
92507
92504
92501
92500
92499
92498
92493
92492
92491
92488
92486
92485
92483
92481
92480
92479
92477
92476
92475
92474
92472
92469
92467
92460
92458
92457
92455
92454
92453
92452
92450
92447
92446
92444
92441
92440
92439
92436
92435
92429
92427
92424
92423
92421
92420
92419
92418
92416
92415
92411
92409
92408
92407
92406
92405
92403
92399
92395
92394
92389
92388
92386
92382
92381
92380
92378
92376
92372
92371
92369
92368
92363
92362
92361
92359
92358
92354
92352
92351
92347
92345
92344
92341
92339
92337
92336
92335
92334
92332
92331
92330
92329
92328
92325
92324
92316
92311
92310
92308
92307
92306
92305
92301
92300
92299
92295
92294
92293
92291
92287
92286
92285
92284
92281
92278
92277
92276
92273
92267
92266
92263
92261
92258
92257
92251
92250
92249
92248
92246
92245
92244
92243
92242
92241
92239
92233
92230
92229
92228
92227
92225
92223
92222
92221
92218
92212
92208
92206
92205
92204
92203
92200
92199
92188
92186
92185
92183
92179
92177
92176
92174
92169
92167
92166
92161
92158
92154
92153
92151
92149
92148
92147
92146
92145
92144
92143
92140
92139
92136
92135
92134
92132
92131
92127
92126
92125
92124
92123
92120
92119
92116
92113
92112
92107
92105
92102
92101
92100
92099
92096
92095
92094
92093
92092
92089
92088
92086
92085
92080
92077
92075
92072
92071
92069
92066
92065
92062
92061
92059
92057
92056
92055
92052
92050
92049
92045
92041
92039
92034
92033
92032
92030
92029
92028
92027
92025
92023
92022
92021
92020
92019
92018
92017
92016
92015
92014
92008
92003
92002
92001
92000
91998
91997
91995
91994
91992
91991
91988
91987
91983
91981
91979
91978
91976
91975
91974
91972
91969
91968
91967
91965
91963
91961
91960
91959
91957
91956
91955
91953
91952
91951
91950
91948
91947
91943
91941
91939
91938
91937
91935
91933
91930
91927
91926
91925
91921
91920
91915
91914
91911
91909
91907
91906
91905
91904
91903
91902
91898
91897
91894
91889
91886
91884
91881
91880
91879
91873
91872
91871
91869
91864
91860
91858
91851
91850
91849
91847
91844
91843
91840
91837
91836
91835
91834
91833
91831
91830
91829
91828
91826
91824
91823
91822
91820
91819
91818
91817
91816
91815
91812
91809
91807
91805
91802
91801
91800
91799
91797
91796
91795
91792
91791
91789
91788
91786
91785
91784
91783
91782
91779
91778
91774
91773
91771
91770
91768
91767
91766
91764
91763
91762
91757
91756
91755
91753
91752
91751
91750
91749
91748
91747
91746
91743
91742
91737
91736
91733
91732
91731
91730
91728
91726
91725
91724
91723
91721
91720
91718
91717
91716
91714
91713
91708
91703
91702
91701
91698
91696
91694
91689
91686
91685
91681
91680
91679
91670
91667
91666
91662
91660
91659
91658
91656
91655
91653
91652
91651
91649
91648
91647
91646
91645
91642
91641
91639
91637
91631
91627
91625
91624
91621
91619
91617
91616
91615
91614
91612
91605
91600
91598
91592
91591
91589
91588
91586
91583
91582
91581
91578
91577
91575
91573
91572
91571
91570
91569
91568
91564
91562
91561
91559
91557
91555
91554
91553
91551
91549
91546
91539
91536
91534
91532
91528
91527
91526
91523
91521
91519
91514
91513
91510
91509
91505
91502
91498
91497
91492
91491
91489
91487
91486
91485
91484
91481
91476
91475
91474
91470
91468
91467
91464
91462
91461
91459
91457
91456
91454
91452
91450
91448
91447
91445
91443
91442
91437
91433
91432
91431
91430
91429
91428
91427
91425
91424
91422
91421
91420
91419
91418
91417
91415
91414
91413
91412
91410
91407
91403
91402
91401
91400
91397
91393
91392
91389
91388
91384
91381
91379
91378
91377
91376
91374
91373
91369
91368
91367
91366
91363
91362
91361
91360
91359
91358
91356
91355
91354
91351
91350
91346
91345
91344
91341
91338
91337
91336
91333
91331
91330
91327
91323
91322
91317
91315
91314
91313
91312
91311
91310
91309
91308
91306
91305
91304
91303
91302
91301
91300
91299
91298
91296
91295
91292
91291
91290
91287
91286
91285
91283
91282
91281
91280
91278
91277
91275
91274
91273
91272
91271
91270
91269
91267
91265
91257
91256
91255
91254
91252
91251
91248
91245
91243
91237
91234
91233
91231
91230
91229
91228
91226
91224
91223
91222
91221
91219
91215
91211
91208
91206
91205
91204
91203
91200
91198
91195
91194
91193
91192
91190
91189
91186
91185
91184
91183
91182
91181
91179
91178
91174
91172
91171
91170
91169
91168
91167
91166
91165
91164
91162
91161
91158
91157
91153
91149
91146
91143
91142
91140
91138
91134
91133
91129
91127
91125
91124
91123
91122
91120
91118
91117
91116
91112
91111
91110
91109
91108
91107
91104
91101
91099
91098
91097
91096
91092
91091
91090
91082
91080
91079
91077
91071
91069
91068
91063
91062
91057
91055
91053
91052
91050
91049
91048
91047
91044
91043
91040
91039
91038
91036
91034
91030
91028
91027
91025
91024
91023
91021
91020
91017
91015
91014
91013
91012
91011
91009
91008
91007
91006
91002
91000
90995
90993
90992
90991
90989
90988
90984
90983
90982
90981
90979
90978
90977
90974
90971
90970
90968
90967
90965
90964
90963
90962
90961
90958
90957
90956
90953
90951
90950
90947
90946
90945
90944
90943
90942
90936
90934
90932
90931
90928
90927
90924
90922
90920
90916
90915
90913
90912
90910
90909
90906
90905
90904
90903
90902
90901
90898
90897
90894
90888
90886
90883
90882
90881
90880
90879
90878
90876
90871
90868
90866
90865
90861
90858
90855
90853
90845
90843
90842
90840
90836
90835
90830
90828
90825
90824
90822
90821
90816
90813
90810
90806
90803
90802
90801
90800
90799
90798
90794
90793
90790
90787
90784
90783
90782
90781
90776
90775
90772
90769
90768
90767
90766
90765
90764
90763
90762
90758
90757
90756
90755
90753
90752
90751
90749
90746
90744
90741
90738
90737
90735
90734
90732
90730
90729
90726
90722
90721
90720
90719
90715
90713
90712
90711
90709
90707
90706
90704
90699
90698
90697
90693
90687
90686
90685
90684
90681
90680
90678
90673
90669
90667
90661
90658
90657
90656
90653
90645
90644
90642
90640
90636
90634
90632
90630
90629
90622
90619
90618
90617
90613
90611
90610
90609
90608
90607
90606
90605
90604
90602
90601
90599
90595
90594
90593
90591
90588
90587
90583
90582
90581
90579
90578
90575
90574
90573
90572
90570
90569
90568
90562
90561
90559
90556
90555
90554
90552
90551
90550
90548
90547
90546
90545
90542
90540
90538
90537
90536
90531
90523
90521
90519
90518
90517
90515
90514
90512
90509
90508
90507
90505
90502
90500
90498
90496
90495
90493
90491
90490
90488
90486
90483
90481
90480
90479
90478
90477
90475
90473
90470
90469
90468
90465
90464
90463
90459
90458
90457
90456
90453
90452
90450
90448
90447
90446
90445
90443
90442
90441
90438
90437
90434
90433
90431
90426
90425
90424
90423
90422
90418
90417
90416
90415
90414
90413
90411
90408
90407
90406
90404
90402
90401
90399
90398
90397
90396
90394
90393
90392
90391
90389
90386
90384
90380
90378
90376
90375
90374
90373
90370
90369
90367
90366
90364
90361
90357
90356
90355
90351
90350
90348
90347
90346
90344
90340
90339
90338
90336
90335
90334
90330
90329
90327
90326
90324
90322
90321
90320
90319
90318
90317
90315
90308
90307
90304
90302
90300
90299
90298
90296
90292
90291
90290
90285
90284
90282
90281
90280
90279
90277
90276
90275
90274
90272
90270
90269
90267
90266
90261
90260
90259
90257
90256
90254
90253
90248
90246
90241
90240
90239
90234
90232
90231
90230
90229
90227
90225
90224
90223
90219
90216
90214
90213
90212
90209
90208
90204
90203
90202
90201
90200
90199
90198
90197
90196
90194
90192
90191
90185
90184
90182
90180
90179
90178
90175
90174
90173
90172
90170
90169
90167
90166
90165
90162
90161
90160
90159
90158
90156
90155
90152
90151
90148
90144
90140
90137
90136
90135
90134
90132
90131
90130
90129
90128
90126
90121
90120
90117
90115
90113
90108
90107
90106
90105
90103
90101
90100
90098
90097
90093
90087
90086
90085
90084
90083
90081
90079
90078
90077
90076
90075
90073
90072
90069
90064
90063
90061
90058
90057
90056
90053
90052
90049
90048
90047
90046
90044
90042
90041
90040
90039
90036
90034
90032
90029
90026
90025
90023
90021
90017
90014
90013
89999
89997
89996
89990
89989
89988
89987
89986
89985
89983
89981
89980
89979
89978
89977
89976
89972
89968
89966
89965
89963
89962
89961
89957
89956
89955
89954
89953
89952
89951
89950
89949
89948
89947
89944
89942
89941
89937
89936
89935
89934
89932
89931
89929
89926
89923
89920
89918
89917
89916
89914
89913
89912
89911
89910
89908
89907
89904
89901
89897
89896
89892
89889
89887
89886
89883
89880
89878
89875
89874
89870
89868
89867
89866
89865
89863
89861
89859
89855
89854
89851
89850
89849
89847
89845
89843
89842
89839
89835
89834
89833
89832
89827
89825
89824
89823
89822
89820
89819
89816
89814
89811
89810
89809
89808
89803
89802
89801
89800
89799
89798
89797
89794
89791
89789
89788
89782
89777
89776
89773
89772
89770
89769
89768
89767
89765
89763
89758
89756
89753
89752
89748
89744
89740
89738
89737
89733
89732
89731
89730
89725
89724
89722
89721
89720
89719
89716
89715
89712
89711
89710
89708
89704
89703
89702
89700
89697
89696
89695
89693
89691
89690
89689
89685
89683
89679
89677
89676
89674
89669
89667
89666
89665
89664
89663
89660
89658
89651
89647
89645
89643
89639
89635
89634
89631
89629
89628
89627
89626
89625
89619
89618
89617
89616
89612
89610
89609
89607
89605
89604
89602
89601
89600
89599
89598
89597
89596
89595
89594
89590
89589
89586
89584
89582
89578
89577
89573
89572
89566
89563
89561
89559
89558
89557
89553
89552
89547
89544
89541
89539
89538
89535
89533
89531
89530
89527
89525
89523
89519
89518
89517
89510
89508
89507
89506
89505
89503
89499
89498
89495
89494
89493
89491
89490
89487
89485
89484
89481
89478
89476
89473
89471
89470
89469
89468
89467
89466
89464
89463
89460
89458
89452
89445
89439
89428
89426
89422
89421
89417
89416
89415
89414
89412
89410
89408
89407
89406
89405
89404
89403
89399
89398
89395
89394
89391
89390
89388
89387
89386
89381
89379
89377
89375
89373
89371
89370
89366
89364
89362
89361
89359
89358
89357
89355
89354
89353
89350
89347
89345
89343
89342
89340
89339
89337
89336
89331
89330
89329
89327
89326
89325
89324
89323
89322
89320
89318
89317
89315
89311
89308
89307
89305
89303
89301
89299
89298
89297
89295
89292
89291
89289
89286
89284
89283
89281
89280
89278
89277
89275
89272
89271
89270
89269
89267
89265
89264
89263
89262
89261
89260
89257
89255
89254
89253
89251
89250
89249
89243
89242
89241
89240
89238
89237
89236
89235
89234
89232
89231
89228
89227
89225
89224
89222
