999
998
997
996
995
992
720
988
977
985
981
994
993
945
991
973
982
805
990
974
970
983
719
989
967
964
984
960
716
957
947
953
927
699
952
920
946
886
639
939
862
607
937
949
784
979
717
936
531
978
971
930
508
929
905
921
966
986
851
948
918
933
924
501
968
907
447
916
976
404
900
909
359
965
350
896
980
897
890
327
885
963
958
880
879
878
307
870
829
975
808
954
290
943
803
972
969
931
289
956
702
917
868
867
269
864
961
959
863
914
955
901
861
787
951
743
259
876
942
854
910
850
848
734
902
228
895
950
812
835
944
873
695
872
841
834
191
884
941
823
940
665
820
934
938
818
935
874
143
816
624
926
619
925
814
606
932
810
928
871
593
806
136
923
922
89
846
798
671
919
573
915
883
797
825
800
794
811
911
894
913
838
783
616
481
778
598
881
877
582
912
786
962
776
906
785
908
837
765
892
882
762
578
758
739
802
859
731
904
903
898
615
722
891
759
888
715
713
712
869
711
893
586
707
553
704
544
701
654
688
679
889
887
865
795
875
676
858
853
782
842
677
673
512
668
781
830
660
258
866
827
860
839
657
641
235
831
219
631
535
628
725
613
694
611
752
828
603
680
200
594
138
592
730
591
672
678
590
651
856
696
855
87
577
521
576
561
804
826
844
852
801
583
559
580
551
821
546
81
849
545
541
579
537
490
530
791
525
470
542
516
540
836
687
847
504
845
500
822
843
819
494
489
467
486
690
640
669
524
482
454
477
35
602
817
663
773
585
523
755
476
518
469
742
652
463
813
807
461
458
650
796
31
630
833
457
832
408
455
391
774
449
388
824
448
793
19
443
6
815
766
614
441
437
433
429
427
597
422
382
421
809
768
420
735
414
412
753
411
401
371
726
399
393
321
799
317
390
380
645
379
789
4
790
264
788
378
376
377
385
764
780
775
779
365
761
777
772
572
552
769
771
770
757
767
373
260
634
366
358
763
370
347
216
338
331
172
322
354
319
342
316
745
721
313
495
568
760
266
697
311
536
309
756
750
754
336
302
301
507
273
303
268
751
738
253
710
250
656
246
237
310
245
305
478
565
736
263
244
296
740
733
243
737
732
723
714
729
748
295
440
239
190
708
240
718
706
234
181
