2999
2998
2997
2996
2995
2994
2992
2981
2988
2904
2989
2986
2985
2980
2973
2943
2993
2968
2898
2975
2962
2991
2925
2990
2983
2979
2967
2896
2965
2926
2955
2952
2951
2948
2923
2941
2860
2932
2984
2853
2919
2917
2970
2982
2957
2911
2909
2876
2958
2815
2987
2871
2910
2868
2908
2901
2907
2978
2939
2906
2811
2977
2972
2894
2953
2798
2743
2944
2891
2889
2890
2705
2879
2918
2780
2878
2915
2872
2976
2776
2865
2770
2974
2971
2858
2697
2964
2959
2950
2847
2863
2880
2862
2717
2845
2945
2841
2961
2840
2832
2662
2830
2809
2829
2969
2947
2689
2826
2659
2824
2966
2854
2822
2946
2756
2819
2963
2960
2903
2902
2934
2821
2942
2623
2956
2816
2940
2751
2814
2954
2949
2810
2804
2806
2805
2820
2938
2937
2793
2933
2936
2935
2931
2929
2928
2916
2893
2684
2803
2788
2786
2611
2924
2927
2779
2900
2765
2762
2598
2887
2747
2848
2758
2614
2886
2882
2930
2881
2707
2749
2905
2745
2658
2740
2922
2772
2732
2523
2921
2605
2920
2914
2668
2728
2727
2667
2913
2718
2467
2719
2842
2716
2825
2712
2912
2899
2897
2895
2892
2888
2708
2591
2795
2706
2885
2699
2587
2877
2624
2408
2873
2757
2752
2696
2875
2864
2790
2744
2692
2621
2869
2884
2883
2874
2682
2870
2690
2686
2581
2674
2530
2387
2867
2382
2665
2866
2856
2663
2861
2844
2654
2599
2859
2670
2527
2643
2851
2630
2525
2331
2661
2265
2622
2828
2620
2857
2466
2855
2657
2852
2610
2618
2243
2592
2568
2850
2817
2584
2608
2577
2656
2849
2846
2843
2554
2565
2839
2808
2232
2563
2449
2838
2353
2837
2222
2557
2836
2827
2542
2651
2161
2536
2835
2834
2782
2549
2529
2351
2831
2823
2580
2517
2512
2812
2509
2541
2833
2807
2104
2513
2755
2342
2818
2490
2813
2507
2506
2327
2802
2478
2801
2725
2800
2473
2797
2323
2487
2316
2479
2457
2796
2794
2789
2424
2726
2475
2799
2792
2645
2791
2472
2415
2787
2468
2785
2101
2784
2065
2463
2783
2302
2778
2781
2777
2775
2769
1996
2460
2555
2710
2458
1948
2685
2721
2774
2713
1929
2533
2683
2455
2398
2773
2445
2771
2766
1920
2442
2763
2438
2524
2437
2761
2767
2431
2380
2764
2287
2768
2493
1916
2426
1812
2760
2701
2420
2759
2746
2750
2418
2753
2453
2469
2741
2738
2441
1776
2735
2411
2405
2400
2288
2729
2396
2754
2520
2394
2393
2390
2666
2730
2748
2709
2389
2617
2383
2283
2369
2368
2742
2648
2739
2737
2723
2720
1762
2363
2731
2736
2734
2362
2266
2724
2733
2358
2722
2357
2350
2715
2349
2298
1716
2501
2698
2714
2245
1562
2711
2578
2348
2638
2704
2703
2688
2367
2694
1557
2702
2673
2345
2341
2700
2695
2244
2680
2235
2335
2319
2693
2691
2317
2253
2315
2677
2687
2225
2484
2306
2214
2652
2297
2471
2679
2344
2295
2249
2532
2681
2291
2281
2196
1522
2251
2246
2236
2220
1517
2233
2125
2228
2678
2528
2676
2675
2672
2671
2210
1508
2669
2178
2226
2388
2647
1468
2223
2664
2650
2273
2218
1438
2216
2248
2212
2211
2377
2238
2646
2324
2649
2102
2209
2093
2204
2640
2660
2637
2655
2629
2280
2194
2193
1984
2192
2343
2653
1357
2190
2175
2636
2231
2270
2644
2461
2641
2642
2627
2169
2616
2167
2112
2264
2164
2634
2081
2158
2604
2600
2628
2242
2155
2146
2639
2152
2045
2139
2033
2136
1978
2625
2205
2128
2012
2635
2633
2632
2631
2612
2202
1298
2626
2607
2122
2619
2201
2117
2114
2603
1280
2185
2103
2573
2596
2075
2588
2064
2615
2613
1105
2060
2057
2609
2606
2054
1959
2602
2586
2597
2051
2601
1946
2595
2456
2294
2593
2144
2585
1058
2049
2590
2583
2044
2048
1924
972
2047
2035
828
2579
1919
2046
1878
2157
2024
2572
2594
2589
2023
2582
2576
2569
812
2022
2575
807
2018
2570
805
2129
2574
1892
2016
1833
2010
2561
2571
2567
2451
2566
796
2546
762
2004
2564
2090
2061
2559
2000
731
2562
2050
1991
2558
2519
1987
635
1979
571
2250
1975
2496
1974
2221
2556
1973
2083
1970
1911
1968
2560
2553
2552
2540
1998
2538
2537
1995
1961
2072
2534
1775
1955
2551
2550
1898
2043
1940
568
2428
2531
1889
2032
1935
2548
2421
2547
529
1917
1893
1908
2545
2544
2543
2206
1901
469
2539
2518
1886
1883
1981
2535
2526
2516
1739
2522
2521
2515
2514
1874
436
2508
2392
1875
2511
1866
1858
1709
2510
2505
1865
405
1862
2504
2503
2200
1856
2492
2030
1854
1847
2502
2500
1972
2026
2499
2498
1845
1853
1840
1851
1938
2497
1839
2495
1904
1844
2008
2489
1836
2494
2482
1835
2491
1801
2488
1826
390
1820
2366
1814
1811
1867
1813
1810
1806
2356
1804
1799
2486
2485
2189
1792
1759
2483
2481
1745
1778
384
2477
2480
1777
1769
304
2462
299
1805
2464
1768
1672
2300
2454
2452
2459
2476
2007
2450
2474
1926
1767
1903
1753
2447
1748
298
2444
2470
2272
2465
1738
2443
2137
2267
2133
1747
1746
2419
1733
266
2425
2422
1729
2412
2404
1723
1726
2448
2446
1665
1721
1712
2440
1701
1714
2435
1697
2191
1695
1687
1690
1684
2123
2433
2439
2436
1676
1666
2430
1669
256
2434
2402
250
2414
1863
2432
2427
2417
221
2318
2413
2406
1661
1655
2429
1654
1650
214
2395
2403
203
2311
1648
2384
75
1645
2391
1643
2423
2416
2181
1638
1620
1841
2410
2409
2299
1633
1601
1630
1818
2397
2108
2333
1627
2407
2381
2284
1623
1607
1599
1605
2058
2401
2399
2386
1596
2379
1786
1602
1586
2378
2365
