0
1
2
3
4
6
5
7
11
12
14
15
20
22
25
13
17
27
24
42
26
85
16
94
18
36
96
28
57
19
21
30
65
34
101
38
74
35
39
112
124
31
138
77
29
157
32
40
83
169
33
89
41
44
48
185
45
8
222
91
43
46
262
103
50
51
54
275
60
52
55
56
63
283
71
37
58
59
64
66
288
47
86
68
69
98
72
75
315
317
343
145
53
9
10
180
102
351
23
78
79
210
70
49
410
114
80
82
449
108
482
81
84
237
76
128
87
61
62
496
93
67
526
95
131
270
125
147
272
73
90
100
88
540
97
605
624
104
639
105
110
111
121
129
132
301
107
92
176
119
99
120
194
130
133
209
142
127
229
134
146
106
118
136
137
234
240
248
139
109
149
161
113
151
666
164
316
126
154
115
165
251
158
257
160
162
163
168
116
172
141
170
117
173
177
183
122
178
181
187
179
186
123
188
190
675
202
135
193
196
140
328
143
306
377
384
150
333
189
144
201
677
148
152
397
195
346
156
203
197
373
153
155
199
200
207
208
159
166
212
374
406
727
216
408
303
167
731
219
414
416
171
437
224
228
735
174
230
736
220
743
233
445
192
175
182
238
184
753
239
764
242
191
419
259
422
427
461
783
204
472
205
795
504
213
487
498
198
811
206
211
214
218
503
244
246
841
223
250
527
226
528
232
215
261
867
252
307
535
877
217
892
539
221
908
313
280
255
545
557
359
553
263
912
381
561
254
568
267
569
913
256
386
579
264
225
265
271
277
926
581
949
976
285
583
236
227
984
231
1000
1019
587
273
243
235
241
286
615
276
594
284
596
1066
424
287
289
245
447
597
292
1067
1069
294
295
296
609
621
1088
619
1097
1122
247
297
249
1170
1175
625
637
266
643
253
258
260
686
688
274
268
1177
310
298
299
626
696
300
305
1179
627
269
308
311
676
304
322
1184
278
1194
680
681
318
682
683
699
279
325
281
708
448
282
320
326
290
327
321
332
334
291
293
1197
302
337
