499999
499998
499994
3
499993
6
499978
7
499958
499952
14
499943
15
499941
25
27
42
85
94
96
499927
499882
499871
499868
101
112
124
138
157
499867
499865
499842
169
499808
499797
185
222
499790
262
275
499787
499767
283
288
499756
315
499750
317
343
499729
351
410
449
499725
482
496
499724
499718
526
540
605
624
499707
639
666
499706
499641
675
499602
499574
499549
677
727
731
499543
735
736
499526
499505
499504
743
499497
753
499489
499467
764
783
795
499439
499428
811
499418
841
867
877
499408
499399
499397
499371
892
908
499370
499364
912
499356
913
926
499333
499326
949
499323
499307
976
499284
984
499280
1000
499278
499275
499263
499239
499216
1019
499200
1066
1067
499191
1069
1088
499173
499159
499154
499144
499124
499113
499112
499081
499076
499075
1097
1122
499072
1170
1175
499035
1177
499029
499013
1179
498996
498986
1184
498967
1194
1197
498942
498935
498934
1200
1214
1215
1222
1225
1231
498921
1235
1239
1247
498910
498894
498886
1254
498885
498881
498875
498872
498853
498843
498841
498839
1264
1281
1305
1311
498818
1314
1342
1348
498816
1352
498807
1357
1362
1363
498806
498794
498776
498773
498767
1364
1394
498760
498737
1426
1431
498682
1437
1440
1441
498680
1445
1462
498679
498678
498673
1481
1482
498632
1501
1508
498627
498610
498605
498586
498583
498574
498544
1520
1525
498533
498516
498509
1530
498508
498501
498484
1547
498476
1558
1576
498472
1585
1594
498467
498456
1601
498452
1639
498448
498410
498396
498384
498364
1664
498360
1695
1702
1703
498359
1704
498334
1705
1709
498291
1730
1751
498270
498264
498254
498237
498233
498226
1757
498198
498158
498154
498149
498136
498125
1759
1781
498112
498104
498089
498051
498045
498040
498008
498004
1785
1811
497996
497992
1862
1875
497980
1885
1899
497953
497951
1909
1912
497944
497936
497929
1914
497893
497884
497867
1936
1947
1968
497857
497845
1985
2008
2015
497825
2038
497820
497816
497801
497800
497787
497780
497777
497772
497766
497761
2053
2077
497741
2078
2086
497735
497707
2089
497690
2092
497681
2107
497661
2112
2136
497657
2141
2145
497655
497622
497619
497607
497606
2153
2159
2182
2186
497575
499989
2188
2216
497568
497564
497561
497546
497544
2227
2233
497534
497519
497518
497494
2235
2267
497491
497484
497481
2279
2291
2319
2341
497470
497452
499984
497444
2349
2356
497430
2361
2377
497427
497404
497402
2408
2412
2438
497391
2473
497377
2492
497366
497351
497329
497307
497305
497297
497292
497226
497218
2503
497178
497160
2522
2546
497152
2551
497148
2558
2560
497125
497119
