99999
99998
99990
99987
99970
99995
99994
99993
99992
99989
99969
99991
99988
99986
99996
99985
99984
99982
99997
99979
99953
99971
99961
99949
99938
99952
99972
99920
99908
99980
99978
99974
99967
99901
99968
99963
99962
99981
99959
99960
99958
99898
99957
99955
99954
99976
99947
99950
99945
99944
99942
99940
99932
99941
99939
99937
99931
99784
99909
99906
99935
99930
99781
99736
99927
99975
99973
99926
99922
99904
99720
99925
99946
99893
99921
99918
99882
99966
99875
99916
99911
99903
99872
99902
99900
99868
99703
99910
99919
99914
99647
99895
99881
99866
99892
99890
99860
99843
99887
99943
99880
99924
99874
99873
99894
99854
99871
99870
99855
99441
99864
99863
99850
99861
99917
99838
99398
99913
99830
99392
99852
99889
99849
99848
99846
99845
99844
99841
99365
99842
99839
99819
99815
99836
99907
99316
99888
99835
99965
99762
99829
99831
99828
99825
99807
99826
99891
99824
99820
99789
99837
99818
99905
99816
99814
99885
99810
99912
99808
99805
99790
99833
99804
99803
99886
99802
99800
99801
99879
99799
99923
99788
99798
99796
99795
99787
99774
99794
99877
99792
99786
99785
99915
99282
99783
99956
99745
99782
99857
99780
99884
99777
99776
99594
99742
99524
99775
99853
99773
99832
99772
99770
99827
99518
99768
99765
99265
99766
99763
99812
99761
99948
99759
99951
99754
99751
99740
99227
99817
99733
99749
99747
99512
99746
99739
99758
99738
99737
99755
99732
99840
99729
99728
99726
99717
99493
99214
99722
99764
99721
99748
99715
99713
99735
99712
99709
99706
99705
99936
99661
99704
99834
99701
99700
99697
99696
99695
99689
99658
99654
99686
99685
99683
99680
99858
99678
99675
99847
99670
99809
99666
99869
99197
99659
99657
99756
99656
99653
99655
99791
98983
99652
99651
99650
99645
99643
99642
99638
99635
99634
99760
99632
99633
99744
99631
99730
99630
99627
99626
99714
99623
99614
99639
99613
99612
99611
99668
99605
99929
99384
99603
99757
98957
99601
99600
99598
99582
98936
99590
99581
99599
99597
99579
99595
99593
99592
99702
99577
99589
99585
99583
99380
99580
99569
99576
99867
99568
99575
99797
99574
99778
99573
99567
99566
99559
99561
99753
99560
99556
99552
99622
99550
99548
99588
98904
99546
98859
99545
99543
99718
99542
99743
99177
99538
99865
99537
99536
99690
98852
99533
99699
99532
99727
99531
99688
99522
99529
99681
99527
99520
99521
99515
99554
99514
99519
99513
99506
99511
99510
99492
99488
99509
99501
99502
99500
99497
99674
99060
99494
99491
99539
99489
99897
99486
99485
99483
99933
99482
99811
99480
99719
98746
99479
99708
99018
99478
99928
99475
99517
98741
99477
99474
99464
99473
99694
99472
99899
99471
99698
99469
99462
99461
99679
98721
99459
99457
99456
99455
98975
99454
99676
99452
99451
99449
99448
99691
99447
99431
99446
99442
99440
99673
99421
99443
98682
99663
98624
99438
99435
99434
99432
99429
99427
99423
99424
99684
99419
99896
98580
99418
99779
99414
99411
99672
99410
99883
99409
99662
98462
99407
99408
99878
99412
99404
99403
99876
98457
99618
98368
99402
99669
99401
99400
99602
99397
99396
99394
99386
99391
99390
99558
99382
99389
99377
99374
99373
99371
99370
99363
98932
99355
99667
99353
99351
99549
99340
99350
98275
98267
99321
98926
99320
99349
99660
99342
99337
99731
99490
99333
99332
99361
99327
99692
99307
98879
99326
99629
99325
99324
99312
98236
99318
99644
99311
99310
99305
99296
99309
99308
99297
99304
99649
99293
99303
99641
99301
99621
99299
99646
98196
99294
99291
99710
98193
99289
99284
98867
99356
99347
99283
99279
99619
99278
99724
98136
99276
99270
99268
99274
99272
99271
99264
99269
99616
99260
99608
99562
98082
99258
99257
99255
97962
99254
99253
99244
99248
99609
99596
99230
99252
99245
99547
99346
99242
99535
97930
99235
99637
99232
99530
99526
99231
99228
99314
99224
99221
99216
99821
98858
99212
99211
99208
99207
99496
99209
99204
99466
97856
99206
99484
99436
99201
99189
99200
99859
99606
99563
99199
99677
99196
99191
99188
99181
99481
97798
99190
99184
99183
99182
99433
99180
99664
99178
99508
99176
99430
99150
99132
98806
99167
98798
99171
99426
99166
99168
99165
99234
99133
99164
99625
99163
99793
99288
99162
99161
99226
97773
99131
99157
99152
99415
99145
99628
99144
99143
99170
99120
99141
99405
99322
99140
99139
99138
99615
99136
99134
99113
99123
99769
99118
99117
99114
99648
99112
99109
99100
99175
99108
99107
99099
99106
99173
99104
99098
99102
99097
99147
98749
99091
98728
99460
99095
99379
99094
99376
97715
99093
99551
99084
99362
99080
99079
99135
99065
99078
99074
99082
99073
99070
99338
99068
99610
99067
99066
99360
99063
99062
99058
99335
97630
99057
99053
99039
98687
99034
99056
99050
99049
99047
99043
99358
99037
99036
99035
99541
99029
99033
99587
99028
99330
99024
99022
99019
99015
99042
99020
99017
99016
99014
99011
99725
99450
99009
99586
98999
97478
99005
99476
99001
98995
99101
99004
99259
99003
98994
98993
98990
98988
99243
98984
98980
98985
98979
99013
98982
98981
98978
98974
98973
98991
98947
98972
99671
98909
98970
99192
98969
98968
98966
98977
98964
98959
98961
98958
99229
98956
98954
98952
98950
99540
98949
99225
99156
98951
98945
98944
97451
98942
99220
98941
98940
98938
98937
99054
98905
98929
98935
98927
98924
98923
98902
98922
98917
98895
98862
98914
98907
99195
97447
98913
98897
98903
99149
98900
99375
97427
98888
97416
98898
98891
98887
98889
99381
98916
98883
98881
98919
98880
99572
98878
99352
98876
98875
98874
98872
98605
98871
99465
98869
99428
98866
99425
98604
98863
98865
98857
98864
99416
97319
98855
99213
98854
98848
98845
98843
99640
98842
98841
99148
98839
99388
98835
98834
98833
98830
98829
98828
98581
98827
99544
98826
98825
98824
99636
98823
98822
98820
98819
99523
98817
99617
98816
97299
98815
98809
98808
99030
98814
98804
99557
98799
98802
99090
98801
98800
99328
98796
98793
98792
98791
98781
98773
99348
98787
99075
97294
98785
99504
98784
99368
97272
98783
98780
98779
98778
98777
98776
98772
98774
99498
98770
99319
97241
98769
98768
99126
98766
99607
98767
98764
99061
98763
98758
99251
98757
98755
98803
98771
98751
99584
98750
99578
98743
98742
98748
99111
98739
99620
99064
98738
99364
98735
98736
98734
99571
98733
98732
99393
97145
99032
98727
98541
98731
99564
97123
98730
99010
98726
98725
99570
98723
98704
98724
98718
98715
98717
98713
98712
98709
98707
99553
98706
99306
98703
98701
98752
98744
98698
98697
98695
98694
98693
98692
99008
98989
98691
98689
99487
98683
99088
98681
98680
98678
98672
98677
98676
98671
98665
98649
98646
98674
98673
98669
98668
98664
98663
98660
98659
98633
98658
98657
98654
98653
98652
98647
98632
98644
98638
98634
98636
98630
99300
97092
98631
98627
98641
98626
98623
98622
98619
98618
98499
98617
98616
98612
98609
98606
98614
98608
98598
98679
98960
98584
98607
99298
98597
98593
98592
98591
99071
98590
98589
98587
97059
98588
98586
98582
98575
98578
99387
98574
99516
98933
98572
98571
98569
98568
98570
99239
98567
98566
98554
98565
99083
98562
99290
98561
98560
98545
98558
98555
98557
99238
98928
98556
99219
98553
98987
98552
99202
98921
98551
98550
98548
98547
99357
98930
98544
99463
98543
99286
98535
99444
98534
98532
98537
98530
98529
99525
98523
98528
99186
98527
99160
98920
98524
98520
98912
98518
99343
98513
98514
99023
97049
98508
97024
98505
98497
98502
98504
98495
98493
98492
97003
98491
99334
98851
98487
98482
98464
98489
98906
98488
99341
98478
98485
99505
98716
96962
98484
98483
98481
98472
98460
98443
98468
99281
98440
98466
98459
98455
96905
98456
99263
98454
98447
98441
98642
98445
98444
98426
98480
98710
98675
98424
99000
98417
98434
98432
98431
98428
96882
98397
99262
98427
99453
98423
98421
98413
98655
98396
98420
98407
98412
98406
98386
98400
96870
98399
98395
98383
96869
98390
98389
98385
98376
98374
98373
99261
98370
98367
98360
98629
98359
98355
98353
98351
99246
98350
99503
98640
98349
98347
98346
98345
98344
99146
98343
98341
98340
98338
98339
99236
96827
98337
98336
98526
98335
98330
98321
98334
99223
98331
99222
98225
98309
98303
98329
98325
98323
98997
98328
98322
99198
96822
98320
98934
98316
98925
96744
98577
98519
98313
99218
98311
99445
98310
99287
98289
98307
98301
98297
99153
98296
98295
98293
99420
98378
98288
99085
98287
98284
99137
98282
99179
98278
99129
98507
96618
98277
99203
98276
98998
98270
98273
99217
98479
98268
98266
98918
98264
98260
98910
98262
99128
98317
98306
96591
98259
98258
98436
98252
99096
98250
98249
98247
98245
99458
98229
98244
99121
98243
99116
96589
98625
98240
98239
98235
98899
98221
98238
99437
98232
98231
98228
98230
98227
98224
99194
98217
98215
98216
98214
98211
98208
98204
98212
98202
98201
98197
98194
99115
98189
98187
98186
98184
98183
98449
98180
99092
98179
98207
98178
98873
98175
98173
98171
98435
98158
98170
98169
98155
96546
98161
99089
96516
98150
98147
98157
98151
98145
98149
98146
98119
98141
99086
98126
98140
98128
98139
98127
98138
99385
98133
98125
98117
98166
96364
99277
98123
98121
98118
98115
98112
98111
99103
98110
98107
98109
98106
98105
99012
98104
99378
98103
98101
96354
98093
96212
98099
98098
98159
98096
98094
98092
98510
98083
98152
98088
98084
98078
98074
98060
98433
98072
99006
98065
98068
98066
98062
98040
98064
98063
98052
97957
98414
96196
98061
98057
98058
98986
98453
98055
98452
98050
96178
98054
98890
96170
98053
98051
98048
98047
98861
97947
98045
98044
97721
98042
98041
98035
98039
98038
98034
98027
98033
98031
98030
98029
98023
98026
99313
98021
98019
98012
98015
98014
98009
97998
97624
98006
99344
98005
98846
97999
98004
98003
98365
97997
97994
98840
98198
97993
97992
97986
97551
97989
99046
97984
97983
98788
97988
97982
97981
97971
97979
98836
97970
97976
99329
97973
99317
97968
97967
97965
97964
99285
97963
98831
97961
99275
97960
98789
97956
97959
98775
97958
99007
97955
97954
97949
97946
97520
97953
98762
98448
97945
97944
99002
97942
98885
97941
97940
99273
97449
97939
98740
97937
98603
97934
99247
97933
98962
97931
97928
98185
97920
98765
97919
98496
97917
97916
98884
97915
97914
97912
99499
97891
98402
97909
97901
97900
97897
97906
97881
98154
98392
97896
97889
97369
97880
97938
97890
97877
97884
97872
97871
97852
97905
97883
97878
97841
97875
97869
97873
97862
97834
97356
97864
99439
97854
97863
97846
96143
97845
97860
99233
98377
97855
97842
98363
96005
97833
97832
98915
97789
97831
98818
97830
97828
97803
97827
97826
97824
97820
98877
97818
97816
97805
97815
98813
97810
97800
97355
97808
97806
97804
98327
97799
97793
97882
97792
98314
95912
97788
97786
97333
97776
97781
97779
97770
98102
97778
98759
97769
97772
98670
97766
98302
97316
97763
97759
98856
98291
97205
97758
98635
97791
97755
97753
97751
98611
97748
97747
97822
97744
98595
97740
97737
98585
97193
97736
98583
97734
98494
97790
97733
97728
97725
97724
99413
97719
97903
97718
97716
97714
97752
95879
97739
97713
98849
95872
97712
98790
97710
99266
97707
97705
98782
97703
97702
97686
97698
97695
98522
97693
99240
97690
97680
97679
97681
98786
95835
97678
97677
98761
97676
99055
97674
97673
98754
97672
97671
97669
98461
95766
97668
98811
97667
97666
97664
97732
97662
97658
97656
97643
95700
97657
97642
97655
97653
98446
95685
97652
98745
97645
98283
97640
97639
97638
97637
98279
95640
97636
98516
97627
97632
97631
97188
97625
97620
99210
97616
97615
97614
97613
97612
97609
97611
97610
97604
97603
97600
98274
97599
97598
97176
97597
97595
97592
97594
99369
97588
97593
98476
98254
97590
99193
97587
97585
97584
99040
97581
98722
95615
97578
97577
97157
98191
97575
97574
97573
95508
97572
97571
98807
97570
99158
97564
98438
95486
97569
97563
97561
98705
97560
97559
95468
97558
97556
99372
97694
97554
97552
97544
98163
97547
97546
97152
97543
97542
97540
98364
97537
97535
97534
97528
97525
97536
98475
97530
98688
97101
97522
98156
97521
98430
97519
99081
98132
97512
97518
98690
97515
98135
97510
98661
98304
97509
99072
97508
98666
97505
97504
98450
97497
97500
97503
97496
97492
97486
97493
98439
97490
97488
98656
97487
98265
97484
99367
97480
97483
98393
97482
98419
97501
98134
97481
97479
97477
97475
99174
97473
98615
97472
97470
97468
99151
97467
97465
97462
97458
97457
97456
98963
97455
98610
97448
97445
97433
97444
98415
97442
97438
97422
97435
99025
98124
95399
97432
97431
97424
95294
97423
98223
97421
97420
97418
97691
97415
97390
97409
97412
97411
98192
97410
97403
95247
97405
97399
97452
95172
97401
97398
97389
97391
97385
98410
97384
98645
97372
97370
97383
97379
97371
97334
97376
97373
97368
97437
97359
97367
97366
97365
97364
98643
95169
97362
97360
97351
97358
97354
99359
97350
97353
97348
97346
99130
95151
97342
98177
97340
97339
97331
97325
97058
97336
98384
97335
97332
97320
98116
97329
98382
95135
97328
98114
97323
98531
97322
97321
97317
97315
97304
97301
97302
98955
97293
97292
97408
95084
97289
99048
97287
98059
97015
97286
97285
95072
97396
97284
97282
97280
98381
97279
98953
97278
98882
96950
97276
97274
94978
97271
98172
97270
97269
98037
97266
98512
94957
97263
98477
97261
97260
98369
98046
97259
98621
97295
97258
97256
97253
98463
97239
97249
97243
97231
97238
98357
94941
97267
97235
97229
97230
97227
97226
97217
97255
97225
97213
97218
98564
97212
97211
97201
98292
97209
97202
97196
97199
97197
97195
97191
98422
97187
97183
97190
98308
97186
98162
97185
98285
97182
97174
97172
97171
97170
98272
97169
97168
97167
97166
97165
97164
97162
97159
97158
98844
97156
98411
97155
98271
97154
97153
98356
97151
97150
97149
98352
97146
99323
97143
98036
98257
96921
97136
97142
97141
97140
99169
97135
98010
96823
97139
97134
94932
97133
98542
97128
98333
97126
98300
97125
97115
98538
97113
97121
98219
94901
97111
97110
97108
97106
97104
97129
97102
99044
97097
97090
97099
98870
97098
97096
94693
97095
98218
97086
98213
97117
97085
97084
97995
97083
98153
97082
97990
97081
98253
97079
97078
97908
97077
98130
94676
97075
98832
97074
98234
97068
98847
97064
98521
97063
97062
97057
97056
97055
97054
98805
97053
97048
97047
98206
97045
97042
97037
94671
97043
97041
97008
96818
97817
97040
97039
97035
97030
97029
97018
94656
97017
97013
97001
97005
98076
97002
97000
96998
96997
96996
96995
97093
96990
96817
96994
96985
96951
96989
98203
94642
96988
97951
96986
96983
96980
98174
96651
96979
96978
96901
94600
96977
96975
99302
97887
96974
98506
96953
96971
96969
96898
94598
96968
96965
96886
96963
96960
96959
94593
96955
96949
96952
96948
96868
96947
96945
96944
96936
98576
96934
96933
97838
96930
96928
96867
96631
96929
97825
96927
96926
96972
96519
96863
96924
98160
96920
96919
98408
96917
98137
96916
98024
96914
96913
98131
96911
99280
96909
98404
96908
98108
96906
98388
96923
96904
97893
96895
96893
96900
96892
98387
94547
96876
96899
96887
97868
96826
96885
96877
96880
96871
96866
97859
96861
96860
96379
96857
97812
96856
98070
96854
98372
96852
96850
96844
96807
97809
96849
97794
96845
97950
96842
98371
96841
96840
97617
96839
97782
96838
96835
97777
96834
96832
96831
98563
96830
96829
96815
98091
96801
94523
97754
96814
98753
96811
96809
98069
96804
96803
96796
96799
96794
96793
96786
97602
96788
96792
98319
96791
96789
96787
98018
96785
96770
96769
94507
96798
96778
96777
96774
96765
96784
96773
96764
97549
96772
96763
96261
96771
97771
96762
97742
94483
96757
97932
96755
98056
96754
96742
96731
96753
98087
96752
96739
96750
96749
96745
96743
96738
96737
96722
96736
98290
96735
96734
96730
96729
96726
96727
98049
96720
98509
96717
96715
96713
99105
96712
96708
96697
94469
96680
96705
97926
96703
98702
94434
96698
98470
96672
96696
98220
96693
98971
96669
96761
96692
98120
96687
96686
96223
94426
96664
96164
96678
99021
96676
98000
96675
96671
96662
96667
98700
96666
98354
96660
96659
97819
96658
96657
98684
94306
96656
98517
96655
97787
96653
96654
98080
94251
96652
98017
96650
98312
96644
96649
96648
97708
96647
98011
97738
96645
98996
96139
96643
96640
96639
96637
96636
96635
96634
98573
96633
96630
96628
96625
96626
98299
96621
96619
97843
96614
96613
98948
96611
96609
98696
96607
96605
96596
96601
96581
96603
96580
96578
96597
96594
98269
96575
96608
96590
97784
96573
96572
96568
97651
96570
96569
97494
94150
96563
98685
96559
96556
96561
96554
96552
96551
96529
96059
96549
96548
96522
96547
96544
96525
96545
96543
96528
96536
96520
96533
98209
94113
96532
98079
96530
96523
96518
98637
96517
96514
96509
96507
96503
96513
96512
97485
96506
97774
96505
96501
98451
96499
95973
97579
96498
96496
96492
96491
96488
96490
96489
96481
96485
98020
96480
96475
96524
96468
96476
98348
96467
96469
96463
96462
96461
96460
96455
97469
97553
96453
98901
96451
96449
97548
96442
96446
97797
96443
96439
96436
98536
96434
96431
97683
96430
98931
96429
97731
96428
97729
96423
96422
96421
98500
96420
98473
98469
96418
96415
96414
98911
96412
98298
96411
96409
98465
96407
96404
96403
97687
96400
96397
96395
96396
96391
96390
96389
96388
96382
96384
97996
96380
96375
96378
96374
96373
96371
96370
96369
96368
96367
96366
96362
98892
96361
97974
96358
98894
98263
96357
96356
96353
97562
96352
96351
96348
96347
96345
96661
96340
94103
96326
95950
97517
96336
97948
96335
98261
96332
96325
96324
96323
96315
96320
96314
95903
97516
96321
96313
96311
96309
97688
96306
96302
96299
96251
96298
96297
97634
94058
96296
96292
96291
98850
94051
96250
96290
96286
96281
94045
93917
96276
93896
96282
96280
93886
96277
97621
96275
96274
97471
96273
97935
96272
97850
96268
97591
96265
97929
96260
96259
96258
96253
96386
96252
97922
96248
96246
97539
96245
96244
96243
96239
95893
96238
96235
96234
96232
96228
96331
96295
93882
96216
96230
98760
96229
96226
96222
97911
93739
96220
96214
97541
96203
96209
96206
96200
96194
96202
98305
96201
97888
96627
96191
96198
97464
93710
96189
93683
95891
96197
97450
93666
96183
96192
97443
96190
97851
96181
96188
97440
97844
96187
96185
98122
96165
96179
97840
96177
96171
97426
96169
96168
98810
96167
98199
96163
98280
96161
96159
97746
96157
96156
97977
96152
96151
96153
96150
97829
96148
97419
96145
96142
97414
96147
98008
96146
97876
96138
97839
96137
98001
96136
97417
95829
96284
96132
98256
96131
97814
96130
97413
96121
96123
97801
96116
96113
96104
96111
96110
97393
96101
98737
98720
96100
96099
96098
95809
96097
97749
93664
96096
97375
96093
98195
96112
96082
96091
97972
96090
96088
96092
96240
96080
96087
96084
96078
96077
93649
96081
98077
96079
96076
96068
96075
98200
96067
96074
96072
96056
96052
96070
97228
96069
96066
96063
97337
96045
96032
93580
93430
96061
96057
96054
96053
97743
96048
96043
96036
96041
96040
96034
96035
96033
96031
96030
97318
95734
96028
96579
96027
96026
96019
95714
96086
96022
96021
96065
93341
96020
97861
96017
97726
93324
96015
96011
96010
97291
96008
98719
96007
96006
96003
96002
96058
96001
96000
95998
95698
95995
98113
95989
95993
97386
95975
95990
93312
95992
97649
95991
97262
95987
98089
95983
95981
95969
97723
97206
93307
95980
95979
95977
95976
95972
95967
95966
95968
97684
95964
95962
95961
96497
95960
97659
95957
97663
95956
95955
95953
97628
95952
98708
95951
98699
97179
95948
97580
95947
95945
95942
98651
95939
95936
95937
95935
95932
95934
97607
93292
95907
95925
97925
93237
97173
93210
95916
95924
95920
97545
95918
95917
95915
95909
95905
95902
95906
97720
95904
98648
95897
97245
95896
97502
95894
95885
95883
95874
95882
95881
95875
95694
95878
95873
97214
95871
95870
97130
95869
95868
97147
95865
95864
95862
95859
95861
95857
95852
93176
95856
95851
95855
97474
95849
95847
95844
97441
93161
95843
95840
97388
95838
95837
95833
95831
93147
95828
98628
95827
95826
97132
93122
95825
95824
97583
95823
95822
95817
95799
93112
95821
97582
95820
97565
95816
95815
95788
95801
95638
95813
95805
97025
95796
95795
97381
95790
95791
97124
96440
95789
95785
96957
95784
95853
95780
95782
95779
96383
95778
98095
95777
97650
95776
97430
95775
97924
95774
95773
95771
95769
98613
95359
95768
97885
97109
95767
97071
95765
97660
95764
95763
97527
95761
97531
95755
95760
97513
95759
95753
95752
97910
95751
95749
95742
95738
97907
97847
95739
95737
96810
93066
95733
97407
95732
95727
95722
95726
93023
95731
97311
95679
95277
95728
95717
95724
97646
95721
95706
95719
95718
95697
95713
97459
95677
95703
97461
95699
97070
95263
95692
98067
95688
95650
95680
96779
95687
97034
95676
95188
95625
95683
97453
95621
95166
97006
95678
95675
95674
95671
95669
95668
95667
98600
95743
95649
96263
95666
97402
95618
95665
97060
95663
95662
95846
95757
95661
97349
95648
95647
95646
97305
95644
95641
95606
95156
95636
95634
95632
95633
97236
95588
94904
95629
97361
95628
95627
95624
97454
95619
97991
95613
97985
95578
95720
95610
97498
95609
97300
95608
95607
95604
97382
95603
95595
95599
95598
95596
95594
95589
95593
95591
96242
95575
95574
95565
95563
95573
97892
95572
95569
93013
95570
95568
94854
95566
97345
95564
95711
95562
95560
97273
95559
95558
95535
95556
95554
95553
95530
92985
95521
92967
95691
96135
97735
95552
95550
95520
92911
95549
95546
95664
95544
96993
92892
92780
95514
95541
97870
95539
97038
95538
95533
95497
95529
97439
95657
95527
97641
95526
95523
95522
95519
95515
95489
95590
92770
95512
95498
96973
96956
95511
97177
95509
96961
95507
97943
95506
96982
95483
92757
95462
95503
98515
95500
95499
95461
95488
97343
95487
95485
95449
94840
95484
97347
95482
95481
95447
95479
95474
95478
95475
97310
95445
94837
96954
95473
97297
95471
97264
95469
95571
95465
97309
95460
95453
95442
92726
95466
95448
98471
95446
97290
95441
95439
97252
95431
95437
95434
95432
95430
97251
94824
95429
95427
95423
95420
94816
95418
95417
95415
95409
95388
96938
96837
95416
97219
95412
96813
95385
95422
95408
97116
95376
94813
95407
95405
97796
95403
95401
95400
95398
95396
95394
95393
95390
95392
95391
95379
95383
95375
95372
95370
97208
95369
95368
97626
95367
95366
97021
95365
95364
97200
96808
95362
97244
95360
97923
95356
95355
95351
95354
95353
95350
92693
95352
95349
95348
95347
95346
97785
95345
97727
95344
95343
95331
95329
95328
94808
95341
95340
95337
95335
95322
95336
96966
95334
97576
95320
95326
97246
95323
97242
95318
98342
95317
95313
95312
98599
94798
95311
95310
95309
95304
97198
95303
95302
97623
95296
95295
95293
97192
95290
95287
95286
95285
95923
95284
95283
95282
95280
95315
95279
96946
95278
97216
95276
95273
97210
95271
97180
95270
95269
95267
95264
95268
95261
95243
95260
95258
95255
92668
95257
95256
97148
95253
96781
95252
95251
97670
95250
98594
97007
95244
95249
97144
95246
95245
96694
95237
95234
97127
95232
98326
95231
98251
95230
95226
95222
95212
95219
95214
96606
95216
96747
95213
95211
97175
92612
95210
97853
92607
95207
95168
95206
98559
97765
95204
95205
95203
95200
95167
95176
95199
95198
96718
95174
95196
95192
97122
95191
95190
95186
95183
95218
95181
95180
95165
95160
95178
97711
95175
95158
95171
95163
97103
92423
95153
95142
96670
95152
96935
92334
95150
97538
95149
97665
95148
97089
95141
95146
95145
95138
96592
92291
96534
95136
95137
95134
97072
95157
92277
95133
98241
95130
95132
95129
95126
95122
95120
96527
95118
95117
95108
95109
97061
92267
95131
95105
95103
95101
95098
95111
94745
95095
95100
95087
95090
95088
95086
95085
95082
96504
95081
98255
95079
95077
95075
95074
97802
95067
94675
95070
97051
95068
95065
95063
97557
95062
97046
92266
95060
95059
95057
95056
95055
95050
95054
97529
95053
95047
97027
95029
95044
95039
95041
95036
97020
95033
95032
95027
95030
94602
95025
97050
95021
97524
95007
95013
95008
95012
96981
92204
95004
95000
96500
92185
94998
92144
95002
96964
94999
96912
92116
96450
94996
94995
96447
94994
94992
94988
94986
94970
94990
96897
95014
94989
97031
94985
96855
94982
96888
95010
94980
94979
94977
94975
95064
94974
94971
94967
94966
94964
94939
92101
94961
96724
94956
96833
94954
94953
94937
96410
94951
94934
94924
94949
96987
94946
96638
94944
96776
94938
94933
94928
94935
96620
94923
96976
94930
96538
94927
96679
94926
96767
94943
94922
96701
94914
94920
94913
96967
94911
94910
97507
94909
94908
94906
96853
94902
94898
94899
96677
94897
97476
94896
94893
96363
94892
94550
94891
94890
97460
94887
94883
94880
96943
92045
94877
94875
97689
94873
94490
94871
94870
96942
92016
94869
94866
94863
94868
96922
94867
96940
94865
96674
91979
94859
94864
94857
96343
94860
94856
94853
97010
94852
94851
94844
94846
94849
96918
94848
96910
94843
94845
94842
97436
94839
96454
94838
96441
94834
94833
94830
94444
94829
94828
96891
94826
94823
94818
96424
94437
94821
96668
94817
94814
98226
94812
94811
94810
94807
97434
94805
94806
98181
94948
94800
94862
94788
94804
97395
94428
94803
96616
94802
94795
94766
94792
94791
94790
98165
94786
94785
96632
96339
91972
96308
94784
97374
94783
94776
94781
96600
94778
96937
94774
94772
94770
94769
94767
94764
94761
94760
94759
94757
96847
94756
94755
94754
94752
94747
94410
96304
94751
94749
94741
94732
91915
94746
96303
91860
94744
94740
94739
94726
94737
94735
96531
94734
94729
94728
94727
94722
94725
94721
94719
94717
94290
94709
94708
91843
94715
94710
94707
94706
94705
94702
94701
98073
94698
97275
96812
94690
97601
96836
94685
96819
94682
94681
94684
94683
94680
96615
94679
96931
91826
94677
97327
91767
94665
94281
94669
96802
94651
94668
94659
94655
96278
91731
94667
96902
94658
94657
94653
94650
94666
94648
98168
94646
97091
94645
96300
94641
97314
91655
94639
96872
94636
94635
94632
94630
96800
94626
96806
94624
96797
94623
96790
94619
97247
94617
94615
94618
96586
94614
97065
94611
96483
96269
94610
96780
91647
94609
98164
91605
94608
94259
94605
96254
94689
94613
94581
94223
96176
91527
94574
91475
94604
94595
94572
91450
94582
94603
94594
96459
94601
97306
94596
94592
94591
97491
94567
94590
94587
94652
91445
94586
94584
94583
96095
94580
96751
94578
97283
94577
94573
94569
96864
94566
94631
96748
94565
94563
96166
94568
94562
94560
94556
94554
96746
91355
91301
96445
94553
94552
94525
91265
94549
94546
94512
94628
94544
96180
96155
91215
94539
94538
94519
94535
94531
94528
96741
94505
94526
98148
94522
96711
91203
94516
96432
94514
94513
94861
96122
94493
94509
94504
96470
94503
94501
96018
94500
97118
94498
94497
94481
94474
94494
96859
94491
94489
94486
94482
96725
94478
94473
94470
96444
94477
94468
94850
94476
94466
94465
96012
94462
91200
94475
96127
94467
96417
94460
97978
94457
94455
94454
98144
91186
94453
94101
96120
94451
94450
94448
94445
96346
94443
94440
94825
94439
94415
94436
94423
94433
97232
94431
96413
94425
94422
94799
94424
94421
94418
94417
96681
91049
94411
94408
94405
94072
94403
96704
94401
97184
94399
90756
94398
94393
94384
94391
94390
94388
94386
97138
94383
96327
94382
94380
95996
94379
96322
95986
94369
94376
94375
94558
94374
97052
90737
94373
94368
97446
93939
95984
94366
94365
94358
94356
94355
94354
94347
94344
94339
93870
94353
94336
94331
94309
93858
94349
96641
90726
94348
94329
90709
94345
94334
94330
96319
94328
96821
94338
94327
94323
96629
94322
94321
94320
94317
95900
94315
94313
94542
94312
94310
94308
96102
94305
98100
94304
94303
94299
94297
94295
97428
95946
94293
93751
94294
94291
94288
96071
94287
94286
94520
94285
96783
95921
94325
94284
94283
94256
94279
94275
96688
94273
94271
94269
94263
94260
94244
94261
96318
94257
94254
94508
90693
96039
94241
94237
94253
94248
96682
94247
96623
94236
96760
94235
96622
94234
97952
94233
96617
94232
94231
94230
94229
96932
96009
94228
94224
96285
94215
90661
94222
96612
94463
94219
94218
94208
94216
96610
93565
94214
96604
94209
94207
96587
94206
98043
94200
94167
94190
94204
94185
95830
94203
94195
94202
96584
94201
94194
94198
96873
94193
94192
94188
94186
96768
93562
94184
96714
94178
98032
94177
94176
94171
94170
96583
94163
94166
94165
94164
94162
98007
94121
93413
95854
94160
94159
94156
96567
94141
94152
95850
94155
94153
94149
94396
94140
94158
94145
94143
94132
94142
94136
94129
94134
97987
94133
94126
94125
94124
96702
90617
95941
94122
97927
94116
94119
95928
94114
93360
94075
94326
94074
93260
94118
97112
94115
94110
94264
94108
96565
94067
94105
96562
94102
94099
94087
94098
96550
94097
94096
94073
93217
94086
94095
94091
94090
96542
94085
94080
94061
95848
94079
96541
90568
94076
96560
94063
96540
94034
94062
96537
94029
93153
94060
96521
94059
94052
94057
94050
94046
90548
94049
96482
94044
94042
94007
94041
94040
94006
93997
95798
94036
94028
96270
94027
97921
90502
94025
97357
94021
96602
93119
94019
94014
93994
93079
94012
94009
94157
94008
94003
94005
96479
93062
94004
94001
90478
93999
95802
93998
96283
93996
93995
93992
96472
93059
93991
96264
94017
93990
93988
96233
93986
96599
93985
93981
96558
94092
93984
95787
90389
93977
97341
93975
93972
93971
93958
93968
94032
93966
93964
96473
93963
96495
93961
94452
93962
97066
96457
93959
95762
90340
93957
96416
93955
93946
93058
93945
93938
96487
93931
93928
93950
93927
93926
96511
93923
93922
95741
90324
93915
92992
93921
93919
93916
93913
97902
93912
93910
93909
96510
93907
93906
96349
93903
93902
96471
93900
93897
95744
93892
93895
93893
90241
93891
93890
93885
96338
93889
95723
93884
93880
96301
93877
92976
93875
93874
96408
93873
93869
93865
93864
93863
95710
93862
95684
93855
92936
93861
92930
93860
96486
93856
93845
94432
93850
96406
93840
93844
93842
93843
93836
93839
93838
90224
93835
93833
96493
93832
96438
92832
93831
90148
93828
97913
93825
93827
96385
90115
93822
93816
93826
96267
89996
93824
93823
96376
93814
93821
97899
93806
93819
93817
96360
93815
96225
93813
93812
93805
92825
93808
93802
96350
93799
93798
93785
93797
96344
96435
93795
96433
93793
93789
95639
95617
93775
92823
93788
96341
93786
96330
89986
93783
96312
93766
92743
93776
93781
93778
89951
93777
96085
93772
96221
93769
96333
89916
93767
93765
93759
94196
93761
93755
96294
93754
96293
93753
96289
89892
93752
96279
92700
93748
93747
93745
95605
93746
96257
93742
93737
95601
93734
93733
96437
93727
93728
96992
93726
93723
97807
95548
93720
93718
95576
93697
93717
93716
94120
93715
96211
93714
93709
89868
93712
96193
89822
93711
96186
93708
93707
93704
96328
93702
97836
93701
93700
93687
93989
93699
93696
93686
93933
93695
96055
93693
93691
93688
93684
93675
93668
92683
93669
96103
89791
93667
95999
93660
93658
96046
93678
93651
93656
93652
95895
93650
96247
96237
93648
93647
93646
93644
93643
93639
95892
93638
93636
93849
89697
93635
96266
93633
93631
92680
89666
93630
93628
93627
96305
93624
96217
93622
97879
93605
93620
96419
93601
96029
93614
93612
95537
93610
93609
93792
93608
93604
93607
93599
97795
93600
95534
92545
93598
96241
93593
93592
96394
93581
92525
93586
97764
93585
97254
93582
93579
95532
93578
93577
96024
93735
93575
96213
95470
93568
95888
93574
93572
95414
89635
93570
96224
93566
96208
93563
93560
93552
93557
93559
93548
93555
93553
93554
96207
93550
93549
93547
97750
93540
93662
93546
93597
93535
93533
96205
93532
93531
93558
89544
93529
92524
93526
93525
93523
93514
93513
93506
93510
93519
93517
89493
93516
93509
92518
93512
93503
93499
93498
96733
93497
93496
93493
96175
93491
93490
96013
93489
93487
93485
95884
93481
93480
93474
93478
96598
93469
93524
93468
93464
97874
92458
93463
93462
93461
93457
95413
93443
93460
93455
93445
93450
96173
93421
93448
96571
93442
93439
93447
93446
96158
93444
93441
95492
93440
96154
93431
96262
93427
93424
93417
93423
96204
95378
89485
93422
93420
93419
93414
93402
93412
93409
93406
93405
97858
93472
93403
96117
93400
93398
93397
95800
93396
96115
93395
96047
93394
97849
93399
93391
93392
96184
93389
93387
92453
93383
97837
93382
93381
96106
93378
93376
93368
93374
96172
93373
93366
93367
95974
93364
93363
93361
93355
89471
93359
93354
93353
95307
93349
93347
93346
93345
93317
93344
96236
93343
96174
93337
93336
95715
93334
96126
89417
93333
93331
93329
95982
93326
93325
95978
93322
93310
96124
93309
96050
93308
93338
93305
93303
93301
93298
93300
97730
95371
93306
93299
97237
97722
93296
93291
93288
93284
93283
93285
89327
93282
93279
97780
93276
93274
89315
93277
95930
93273
95701
93272
93270
93267
93261
96042
89301
93258
93257
93264
93256
93255
95922
93254
93253
93252
93251
96107
93248
92411
93250
97189
95332
89237
93249
93247
93244
93243
93203
89235
93245
93234
92389
93241
93227
93196
93222
93195
93236
96025
89181
93194
93229
93220
93225
93218
93198
93212
97425
93211
93204
93201
95954
93185
93171
93197
96464
93191
93184
93180
93167
93202
93183
93178
93179
93163
93143
89131
93140
89081
93175
93162
93159
97762
93187
93158
93155
93152
95913
93132
93205
95299
93150
93145
93144
93141
93136
89001
93137
93135
95265
93134
95910
93128
93127
93126
96452
88912
93125
93124
93123
93093
93120
95959
93118
96105
93117
95321
93116
93115
93078
93114
95970
93113
93110
93070
93108
95622
93105
96060
93104
96051
93101
93097
93107
93095
93092
95877
93091
97692
95240
93090
95316
93086
93085
93084
96405
93083
93082
93061
93076
96014
93074
93063
93072
93069
96004
93060
92380
93052
93056
95901
93054
96162
93051
95940
95262
93049
93048
93019
93047
95933
93038
93014
93029
93042
97288
93039
93020
88910
93030
95561
93018
95236
93015
96402
93012
95490
93037
93001
93008
93005
93004
93003
92999
96342
92995
96140
92993
92991
97745
92990
88894
92984
92980
95227
93025
92979
92978
92977
92974
95836
92973
95929
92972
92971
92969
95217
92966
92970
92965
95867
95197
92964
95193
92963
92955
92962
92961
92952
92960
92958
92957
97696
95139
92954
97682
92950
96089
92949
95406
92947
97675
92943
92939
88871
92942
95124
92938
92937
92929
92926
92913
92922
92931
92927
92909
92940
92924
92921
92920
92919
92917
95908
92916
95898
92910
95810
92907
92905
92898
92904
92903
92914
92891
92344
95819
92890
92889
92885
92867
92902
92901
92899
92896
95811
92888
92882
92878
88835
92874
92876
95358
92873
92865
92875
95725
92864
95626
92862
92860
96128
92858
92857
92912
92331
92856
95786
92855
92851
92849
92847
92827
95123
88815
92819
92845
92842
95985
92884
92840
95772
92839
97644
92812
92273
92838
92836
97635
88807
92801
88788
92835
92831
92833
95455
95089
92829
92820
92828
95866
92821
92815
92788
92221
92817
95454
92814
92813
92810
88783
92808
95712
92804
95189
92800
92795
92793
92798
92792
92791
95889
92786
92176
92789
92787
88648
92785
97023
92781
95931
92796
92779
92777
92775
88564
92774
92771
92769
92768
95792
92767
95863
92763
92761
92760
92754
92753
92762
95094
92751
88529
92752
95748
88325
92746
92750
92747
92895
92745
95443
92742
95745
92741
92740
95812
92739
92738
92736
92735
92733
95076
92728
92149
92731
95716
92730
92729
92852
92725
95944
92721
95899
95046
92720
92139
92717
92716
92713
92711
95040
92000
92709
95705
92708
92706
95034
92704
95834
92702
95832
88262
92701
92697
92696
88214
92807
92710
92695
95682
88162
92692
92687
92686
92685
92682
92679
92673
92678
95637
92676
92675
91849
92672
92671
94976
92669
97633
92666
97629
92664
95433
92665
95635
92662
92661
95658
92660
92658
92659
92657
92655
94945
92643
92656
95543
92653
92650
92652
94969
92642
95806
88123
92639
92638
92637
92636
92633
92630
92574
95803
92629
95736
92628
95690
88090
92604
92627
92626
95653
88078
92625
92623
95496
91802
92620
92619
92618
92590
92617
95696
92616
97011
94965
92611
95631
95623
92610
92608
95616
92606
92599
92597
95693
92595
92594
92593
92592
92569
92589
92584
94888
92583
92581
92578
92575
95689
92572
95783
92571
92568
92567
96970
92566
94879
92565
92561
92555
92560
92558
92557
92551
92540
88068
92554
95585
92546
92553
95579
92549
92548
88046
92544
95017
92543
95686
92542
92541
92539
92538
94847
92536
97605
88021
92534
92531
97566
92523
91789
92530
92519
92526
92513
92641
92521
92517
92515
95374
92507
92511
92509
91733
92504
95890
92501
96958
92500
92499
97338
92498
92493
92564
92492
94962
92488
92491
92486
97240
92483
92485
95502
95467
92481
92480
94963
94959
92479
97589
92477
92476
92484
92482
92475
95839
94925
92457
87990
92474
92472
92460
91637
92469
92468
91621
92467
95495
92452
91559
92455
95438
92454
96925
92450
94952
92447
92446
92444
92441
92440
97044
92439
95363
94872
92429
94912
92436
95330
92435
92428
92415
92427
92424
92438
92421
95592
92405
94836
92420
95291
92419
94895
87986
92418
95147
92416
92408
87820
92409
94878
92407
95463
92403
95092
94827
87774
92395
91532
92406
92394
91481
92399
92386
92372
92388
95404
92383
95587
92371
92368
92363
92410
92382
92381
92378
92376
92362
92369
95505
92341
92361
92359
92339
92332
92358
95547
92354
95384
94815
92352
97555
92329
92351
92347
95314
87757
92307
94762
92305
92345
92337
95794
92300
94801
91418
92336
94787
92335
97223
92295
91381
92330
92328
87740
92325
92293
94733
87704
92324
92323
92319
92365
92326
92316
92311
92287
87667
92310
92308
92306
92299
92301
97028
94647
92294
95681
92286
92285
94695
92281
92284
92278
95223
92276
95747
92268
95452
92314
92263
97514
87665
92261
92258
92257
92253
92239
87612
92251
95071
92312
92250
95730
92249
92248
92247
92246
95300
92297
92245
92244
92243
92242
92241
92233
92230
92228
92497
92229
92227
92225
92223
92222
92219
95536
92218
92212
92210
87593
92209
92208
94589
92206
94765
92217
92205
97406
92203
95435
94533
87495
92200
95292
92199
91373
92193
95426
92188
92186
94661
92216
94570
92184
95670
92179
87482
92183
92177
95380
92174
92169
92167
92158
92151
92166
95516
92161
92156
92145
91361
87470
92154
92153
94743
92148
95035
94524
92143
91281
92147
95377
87426
92146
92140
92442
92136
92135
92134
92132
92131
92127
92126
92309
92125
95325
92124
95708
92123
97404
94464
92120
97387
92119
97378
92113
92112
92107
92105
94984
92100
94947
92102
92099
92089
92097
92096
92094
92095
92093
92092
92091
92088
92086
94714
87365
92085
92084
92080
92083
92072
92062
92077
92075
91252
87315
92071
94557
92061
92069
91183
92066
92348
92065
92059
92057
95545
92070
92056
97277
94942
92055
92051
92052
92050
92041
95472
92039
92029
92049
95524
92047
92040
92034
92033
92032
92030
92028
95458
91104
92027
92026
92022
92025
97233
92023
92021
95410
92020
95525
92019
92018
95456
92017
92015
95298
91082
92014
92008
94430
91994
91012
92003
91998
92002
95289
90983
92001
91997
90842
91995
95440
91992
91991
94420
91988
95281
91987
95225
91983
91976
91984
91981
94936
87285
91978
91975
91969
91963
92046
91953
91974
95275
92009
91973
95220
87248
91951
91971
95242
94536
91970
95209
91968
91967
91964
91965
91996
91950
91961
91960
91959
95233
91956
91939
91958
91957
91955
91941
91925
90813
91952
95143
91948
95387
91947
91938
91943
94527
87170
91937
91935
92333
91933
91929
91930
91927
92195
91926
91923
95127
91921
91917
91920
94688
91914
91911
91906
91905
91909
91993
91907
94929
91904
91903
94663
91902
94886
91901
91898
91897
95184
90763
91896
95170
87118
91895
91894
97222
91884
91880
91889
91872
91891
91886
91881
97220
91879
91871
91873
91868
91869
94858
91864
91859
94392
87080
91858
91857
91823
87067
91856
95428
87055
91851
91850
95128
86936
91847
94820
91844
91841
91885
91840
91837
91807
91836
95121
91835
91834
91833
94643
91831
91830
91822
91801
91829
94779
91828
91824
94724
91809
91820
97181
91796
91819
91818
95110
91817
91816
94697
91795
91815
91813
95104
90755
91812
94699
91786
91805
91800
91792
92118
91799
91797
95031
91791
91788
91784
91865
86896
91778
91785
91783
91782
91779
91774
95093
91773
91757
86835
91771
91770
91768
94686
91749
91766
94662
94381
91765
91772
91747
90706
91764
91763
91728
91762
94634
91746
91758
95224
91756
94496
91755
91753
91752
94889
91751
91750
90658
91748
95048
91743
91742
91737
91736
95037
91732
91730
91726
91725
95179
91724
95022
91721
90640
91723
91720
95016
91719
91718
91717
96915
91716
94371
91713
94607
91714
91709
91708
91703
95011
91702
95421
86831
91701
91698
94576
91696
97131
91689
91694
95457
91686
94480
91692
91685
91681
91680
97120
91679
96903
91674
94960
91662
91660
91670
97107
91667
94950
91666
91659
94359
91658
96874
91656
91645
91653
91848
91641
94400
94881
91652
91651
91619
91649
91648
91646
91639
86800
91643
91642
91638
91633
95306
91583
91631
97080
91630
94797
91582
91627
94718
91625
97019
91575
91624
97119
94351
91617
91616
94629
91615
95154
91614
94713
91571
91569
94272
91613
91612
91572
91611
94350
91603
91608
91555
91600
91598
94335
91597
91592
91554
90609
91591
91589
91588
95241
94622
86790
91586
91581
91578
91580
91577
91570
91551
90581
91536
91628
94773
91573
91568
91618
86751
91564
94585
86722
91562
91561
94559
90536
91557
91556
91524
91553
94333
91523
94319
91514
91513
91510
94300
94296
91549
94277
91546
94378
91539
91505
91534
91528
90505
91502
90450
94266
86694
91498
91497
91526
91521
91519
91509
91489
91499
91495
91492
91493
91491
91490
91487
91486
91485
94530
91484
91476
91474
91470
91462
94250
91471
91468
86637
91467
91464
94730
91461
95003
91459
94210
91457
94502
94130
94077
91456
95419
91454
94265
91453
91452
86583
91448
94485
91447
91443
91442
91437
91433
94441
94148
91432
91428
91431
91430
91425
91429
91427
91421
94246
91424
91420
91417
91402
91414
94048
91389
90408
91422
91413
91419
91415
91412
94780
91410
94318
91407
91403
91401
91400
91397
94047
91396
91394
95235
91393
95187
91392
94691
91388
91386
95411
91385
95395
91384
91379
91378
94055
91377
91376
91374
91369
91368
91367
94638
91366
97036
91360
86578
91363
91362
94362
91359
91358
91356
91352
94298
91350
91354
91351
91346
91345
91348
91344
91342
91341
91338
91337
95144
91336
96851
91333
94107
91331
94314
91330
97073
91329
95116
91328
95389
91323
91304
91327
91324
91322
94243
91321
91320
91317
91299
91315
91314
91311
91308
91313
96795
91312
94627
91310
91309
94212
91306
95161
91305
95115
91303
91302
91300
91298
91290
86534
94043
86476
91296
91295
91292
91277
91291
91287
91286
91285
91280
86461
91283
94472
91282
94175
94037
91275
91278
91274
95338
91273
95078
91272
95106
91271
91270
86424
91269
91266
91267
95066
91261
94968
90396
91257
91256
94013
91255
97033
91251
91248
91243
91221
91254
91246
86383
91245
91237
94146
91234
91231
91230
91223
86349
91233
94771
91229
91228
91219
91211
94131
93908
94301
91226
96907
91224
91222
94002
91205
91529
91208
91206
90393
91204
91195
93905
91198
94461
91194
94758
86212
91193
91192
94189
91190
96894
91189
91182
94723
91185
94621
94106
91184
95248
91181
91179
91178
91175
91162
90373
94712
91157
91140
91174
97026
91172
90336
91171
91170
91169
86194
93969
86171
91166
91168
94429
91176
91167
91165
91146
91164
96740
91161
91158
91150
86145
91155
94561
91133
91129
91217
91153
91149
91143
94674
90292
91142
94543
91138
91134
91127
94088
91125
91124
91123
91122
96939
94389
91120
91119
91107
91111
91118
91444
91117
95107
93967
91116
94033
91115
94819
91112
91110
91109
91108
93901
91101
97014
91099
91098
91097
93770
91096
91092
91091
91090
91080
95023
91079
91077
91069
91071
94515
91044
90240
91105
91036
91093
91070
94510
91068
94670
91063
95102
91052
91057
91139
91062
93976
91028
86121
93868
91055
94495
91053
91047
91050
94070
91048
91043
91027
94065
91072
91040
94625
91039
91038
96889
91034
91030
91025
94199
91024
91023
93871
91021
93867
91020
91017
91015
93852
91009
86102
91014
93841
91013
91011
86101
91008
91007
91000
91006
94022
91002
94479
86080
91010
90989
91436
90995
94449
90984
90993
94030
90992
94545
90160
90991
90982
90988
94409
90974
90971
90970
90981
90979
90967
86059
90978
90977
90969
90132
90968
90965
94532
90964
94387
90963
90962
90961
91435
90958
90957
94016
90951
90956
94385
90953
90950
90947
90946
93960
90944
90942
91005
90945
94346
86043
90943
94337
90937
90936
93947
93803
90934
90932
90931
94289
90928
90927
94537
90924
96896
90922
90913
90130
90921
95080
90920
90916
90128
90915
90912
94342
90910
90909
90906
90904
93941
90897
91375
90905
90894
90903
90901
90902
90898
94282
90881
86030
90891
90888
90880
90886
90907
93794
90883
93854
90882
90879
90878
91307
90876
94227
90871
94903
90868
90866
90865
94278
86026
90861
90858
94517
90855
90853
90849
90845
89976
90843
90925
90895
90840
90835
93713
90836
90830
90824
90828
90827
90825
94499
90822
93810
85881
90800
90821
90816
93932
93804
90810
94226
90794
90809
90806
90804
90790
90803
94225
90802
90801
94221
93698
90781
90799
90798
94181
90797
94211
90767
90758
90793
96816
90787
94276
90786
90784
93665
90783
90782
90752
90864
90776
90775
94137
90772
94809
90769
93965
90768
94123
94252
90766
93878
90765
90764
90899
90762
93929
90757
90753
91059
90751
93796
90749
90746
93790
90744
94220
90732
90741
96883
90730
89952
90738
94736
90734
90729
90735
93791
85816
90722
94069
90721
90719
94112
90720
90718
93692
90715
90713
90712
94081
85607
90704
90711
90707
90702
90703
90699
90698
94078
90687
90896
90697
94066
90691
94038
90686
90681
90684
93676
90833
90689
93661
90678
90685
90680
94694
90669
90645
90673
90668
89897
90667
94020
90657
90652
89797
90656
93655
90632
90653
90644
90642
90636
90634
93679
90630
90613
85446
90629
90624
90623
89715
90622
95049
90620
90619
90610
90618
94015
90611
90608
93800
90607
90606
90605
90604
90588
90602
90601
90815
90599
93887
90597
90595
93782
90594
90591
90593
94182
90587
90583
90579
90578
90582
90576
90573
90559
90575
93834
90570
93779
90552
90574
90572
93637
90569
90562
90551
90561
90556
90550
90538
90537
90523
90555
90554
90553
90515
90498
90549
90547
90546
90542
90512
89693
90509
90545
93706
93618
90540
90531
93538
90527
90521
90519
90518
90517
93671
90761
90514
94127
90508
94487
90507
90500
90496
95024
90495
93732
90725
90493
90635
90492
93809
90491
90490
90483
90488
90486
94456
90631
90513
90481
93641
90480
96716
90479
90477
90475
90473
90464
93764
90470
93973
90469
90468
90838
90465
93925
90463
90459
93640
90458
93703
90446
90457
90456
90443
90453
93689
90452
93590
90449
94053
90448
93642
90447
90445
90442
94010
90441
90438
93616
90461
93564
85427
90437
94672
90436
93787
90434
93544
90433
93738
90431
96663
90415
89689
90429
90426
93722
90425
96881
90818
90424
90422
85354
90407
90423
90421
90404
90401
90398
85351
90397
90418
90417
90416
96646
90391
89625
90386
90414
90413
90412
90411
90406
96865
93537
90402
96478
90387
90399
90394
90392
90384
96824
90378
90663
90383
96782
90366
85325
90380
90376
90367
90375
93515
90374
93629
85216
90370
90364
89577
90369
90363
90361
90357
96766
93508
90356
90355
93980
90352
90351
93583
85045
90347
85043
90346
90338
90350
90344
90334
90330
93556
90348
90339
90329
93541
90321
90335
90320
90327
90792
90319
89561
90326
93507
90322
90318
90317
90650
90291
85035
90315
96858
90308
96719
90307
90304
89553
90302
93521
84987
90300
93502
89476
90299
93613
84876
90298
90296
90281
90275
90633
90290
93949
90285
90284
90282
90280
90279
90278
90277
93501
90276
94412
90274
93569
90272
90270
93494
84862
90269
96215
90267
90266
93484
90260
90256
90253
90264
90212
90261
90259
84745
90257
90254
84732
93482
89469
90295
90239
90232
90248
96624
93479
84607
93475
90246
90231
90708
90249
90234
93591
90208
90230
93470
90229
90227
90213
90225
95020
90223
90220
90219
93459
90216
90209
84596
90214
93456
90203
90204
90202
90614
90201
94363
90200
93438
84589
90199
94402
90198
93924
84583
90197
90196
93677
90194
90192
90184
90182
90676
90191
93899
90185
93587
90180
90179
84518
84452
90244
90178
90175
94307
90167
90174
90173
90172
90170
90169
90158
90156
93385
89388
90155
84442
89381
90166
93379
90165
93426
90162
93454
90135
89366
90161
90159
90612
93365
84429
90157
90152
90151
90149
90144
90466
90288
90129
84355
90140
90139
90126
90137
90136
90134
90131
93304
90121
94640
90120
90118
90255
84313
90117
90113
93898
90110
93859
90108
90107
93200
96695
93351
90106
90105
93109
90103
96182
84306
90101
90100
90098
93659
90097
90094
93436
90093
93332
90164
90090
90087
90454
90086
93657
90085
93432
90084
93576
90083
93837
90081
93829
90079
96515
90078
96149
90075
90077
90076
93801
90109
90073
90072
90371
90091
90069
90064
90063
90061
90058
93425
90057
90056
84294
90053
93407
90052
94534
90049
90048
90047
90046
93504
90044
90042
96555
90041
95814
90040
93384
93370
90039
90037
96337
90026
89359
90036
90034
93102
90032
93340
84257
89173
90025
90029
94521
90023
90021
93731
90019
93602
90017
90015
90002
89149
90014
90001
89997
84249
89990
93032
90033
89988
90013
89999
89136
84189
89998
89989
89987
89985
89983
89981
90028
89980
89979
84142
89978
93321
89125
89961
90104
89977
89968
89956
89112
89972
95501
90005
89966
93293
89974
89965
93281
93280
83990
89963
89962
89948
89957
94172
93278
89955
89954
83957
89953
89950
89942
89937
89973
89936
89092
89949
93316
89947
89944
83919
89935
89941
89934
93017
93223
89932
96329
89929
89923
89920
89931
89926
89914
89918
89917
89039
89913
89910
93186
89912
89911
89908
89907
90341
89904
89901
90096
89906
94488
89896
89889
94147
89887
89886
89883
96710
89870
89880
89878
95221
89875
89874
89867
89866
89865
94372
89863
94987
89861
90301
89859
89856
89850
93539
89855
88979
89854
89848
88948
89851
89849
89847
96707
93233
89845
89843
89842
89834
89833
89814
93232
89839
94083
89835
93534
89808
88865
89832
89827
89825
89824
92928
89823
94981
89802
83891
93094
89820
89819
89818
89816
83882
89811
89810
93224
89809
96699
89803
95182
89801
89800
88862
89804
89799
96316
89798
94917
89794
94916
89793
88813
89789
89788
89782
83849
89787
89777
93192
89776
94071
89773
90067
89772
89770
89975
89769
93495
89768
96689
89767
89748
89740
89796
89733
93453
89765
89763
93033
89761
89758
89785
89756
93477
89753
89752
89732
89724
89744
93953
89739
89738
89737
89731
89730
89725
89719
89710
93188
89722
89721
89720
93449
89938
89716
96673
83847
89714
89713
94894
89712
89711
89708
95112
92932
89704
93410
89703
89702
92868
89679
89700
89696
89695
93206
89691
89690
88717
89665
89685
89683
89676
89664
89677
89674
89669
83803
89667
89660
89784
89681
89663
93289
89647
96307
83784
89658
89651
89645
2
