996
992
988
985
981
977
974
973
970
967
964
960
957
953
952
947
946
945
939
937
929
936
930
720
927
921
920
918
907
805
914
719
905
900
886
890
901
880
892
862
784
879
878
870
867
864
863
861
854
851
850
848
838
835
829
823
820
818
816
803
814
812
810
808
806
804
716
798
787
797
796
794
785
783
776
773
768
765
762
743
739
738
735
734
731
722
717
712
707
704
702
701
700
699
698
695
680
679
676
673
671
669
668
665
660
658
657
654
641
639
631
628
624
619
617
616
615
613
611
610
607
606
603
598
594
593
592
591
590
586
584
583
582
578
577
573
561
559
553
551
549
546
545
544
541
537
535
531
530
525
522
521
516
512
508
504
501
500
494
490
489
487
486
485
482
477
476
473
472
470
469
467
465
463
458
457
455
454
453
449
448
447
444
443
441
427
422
421
420
413
412
411
408
407
406
404
401
393
391
388
382
380
379
378
377
376
374
373
371
365
359
358
354
350
347
343
338
336
333
331
327
322
321
319
317
316
313
311
309
307
303
301
296
293
290
289
285
281
273
269
266
264
263
260
259
258
253
250
246
245
244
243
240
239
237
235
234
232
231
221
219
217
216
214
210
209
206
200
196
194
193
191
190
181
180
175
173
167
163
156
155
152
151
148
143
140
138
136
134
131
127
126
116
107
106
103
101
99
89
87
81
80
77
72
64
63
58
54
52
50
49
47
46
42
41
40
35
34
31
29
21
19
16
13
8
6
4
0
1
2
3
5
7
9
10
11
12
14
15
17
18
20
22
23
24
25
26
27
28
30
32
33
36
37
38
39
43
44
45
48
51
53
55
56
57
59
60
61
62
65
66
67
68
69
70
71
73
74
75
76
78
79
82
83
84
85
86
88
90
91
92
93
94
95
96
97
98
100
102
104
105
108
109
110
111
112
113
114
115
117
118
119
120
121
122
123
124
125
128
129
130
132
133
135
137
139
141
142
144
145
146
147
149
150
153
154
157
158
159
160
161
162
164
165
166
168
169
170
171
172
174
176
177
178
179
182
183
184
185
186
187
188
189
192
195
198
205
199
207
213
197
201
202
228
268
225
215
255
204
203
461
208
481
962
211
749
212
218
220
510
271
277
222
270
278
298
295
223
302
227
305
224
366
390
226
229
230
370
310
330
233
236
728
399
238
778
414
249
257
342
433
272
241
286
385
314
429
242
247
323
287
339
248
251
299
252
437
438
576
677
688
711
715
256
267
523
758
518
274
524
288
340
297
254
540
282
291
792
348
834
868
300
364
885
896
308
542
579
261
424
349
262
356
324
265
312
275
440
580
276
389
280
478
320
292
326
672
304
400
329
394
585
345
602
355
694
363
367
651
396
368
397
713
