2999
2997
2996
2992
2989
2988
2985
2983
2981
2980
2975
2943
2973
2968
2904
2967
2965
2898
2962
2952
2982
2974
2951
2948
2941
2896
2932
2860
2926
2925
2923
2919
2961
2911
2917
2889
2910
2909
2908
2907
2906
2902
2901
2891
2887
2880
2879
2878
2876
2872
2886
2871
2868
2865
2864
2863
2862
2858
2853
2848
2847
2845
2841
2840
2832
2830
2829
2826
2822
2821
2819
2816
2815
2814
2811
2810
2809
2806
2805
2804
2802
2798
2793
2788
2786
2780
2776
2770
2765
2763
2762
2758
2756
2752
2751
2749
2747
2745
2743
2740
2738
2732
2731
2728
2727
2725
2719
2718
2717
2716
2708
2707
2706
2705
2699
2697
2696
2692
2690
2689
2686
2684
2683
2682
2681
2674
2668
2667
2666
2665
2663
2662
2661
2659
2658
2654
2648
2641
2636
2630
2624
2623
2622
2621
2620
2618
2614
2612
2611
2610
2605
2600
2599
2598
2592
2591
2587
2584
2581
2575
2568
2565
2563
2561
2559
2557
2554
2542
2530
2529
2527
2525
2523
2520
2519
2517
2515
2513
2512
2509
2506
2496
2490
2487
2479
2478
2475
2473
2472
2469
2468
2467
2466
2463
2458
2457
2455
2451
2449
2445
2444
2437
2435
2431
2428
2426
2424
2420
2418
2415
2408
2405
2400
2398
2396
2394
2393
2390
2389
2387
2383
2382
2380
2369
2363
2362
2358
2353
2351
2350
2349
2348
2343
2342
2341
2331
2327
2323
2322
2319
2317
2316
2315
2311
2306
2302
2298
2297
2295
2294
2291
2289
2288
2287
2284
2283
2281
2280
2278
2273
2266
2265
2258
2253
2249
2246
2245
2244
2243
2242
2241
2236
2235
2233
2232
2226
2225
2223
2222
2220
2218
2216
2214
2211
2210
2209
2206
2204
2202
2196
2193
2192
2190
2189
2178
2175
2169
2167
2164
2161
2158
2155
2152
2146
2139
2136
2135
2133
2128
2125
2122
2117
2114
2112
2104
2103
2102
2101
2094
2093
2090
2083
2081
2076
2075
2065
2064
2061
2060
2057
2054
2051
2050
2049
2048
2047
2046
2045
2044
2037
2035
2034
2033
2025
2023
2022
2018
2016
2013
2012
2010
2004
2000
1998
1996
1994
1991
1987
1984
1979
1978
1974
1973
1970
1968
1959
1955
1948
1946
1940
1935
1932
1929
1924
1920
1919
1917
1916
1913
1911
1910
1901
1898
1893
1892
1890
1889
1886
1883
1878
1875
1874
1872
1866
1865
1858
1856
1854
1853
1851
1847
1845
1844
1843
1841
1840
1839
1836
1835
1833
1828
1826
1820
1814
1813
1812
1811
1806
1805
1804
1801
1799
1792
1790
1778
1777
1776
1775
1772
1769
1768
1767
1762
1759
1753
1752
1751
1748
1746
1745
1739
1738
1733
1729
1723
1721
1718
1716
1715
1712
1709
1701
1697
1695
1690
1687
1685
1684
1676
1673
1672
1669
1666
1665
1661
1655
1654
1650
1648
1645
1644
1643
1638
1633
1630
1620
1617
1612
1611
1609
1607
1605
1602
1601
1600
1599
1598
1596
1594
1593
1587
1586
1573
1570
1568
1567
1563
1562
1560
1559
1557
1556
1549
1546
1545
1541
1537
1535
1534
1533
1528
1526
1525
1522
1517
1516
1514
1508
1506
1505
1504
1503
1500
1497
1493
1492
1490
1487
1482
1481
1479
1477
1471
1469
1468
1464
1461
1448
1447
1446
1445
1444
1443
1438
1437
1434
1427
1424
1422
1420
1414
1412
1410
1407
1404
1403
1402
1390
1386
1383
1381
1380
1377
1374
1370
1364
1359
1358
1357
1356
1354
1352
1351
1346
1343
1340
1338
1337
1335
1327
1324
1320
1318
1317
1312
1311
1309
1307
1298
1289
1288
1285
1280
1279
1278
1277
1272
1268
1264
1261
1255
1254
1253
1252
1242
1240
1233
1232
1230
1229
1227
1226
1225
1222
1219
1216
1214
1211
1205
1199
1196
1194
1193
1183
1181
1179
1170
1168
1167
1166
1160
1159
1158
1154
1152
1146
1141
1139
1136
1133
1132
1123
1119
1114
1107
1105
1104
1100
1098
1096
1094
1092
1091
1084
1078
1076
1074
1071
1069
1068
1062
1061
1058
1053
1050
1043
1039
1034
1028
1026
1024
1020
1018
1012
1011
1009
1007
1003
1000
999
998
995
994
993
992
990
984
983
975
972
969
967
965
964
957
955
949
940
939
938
932
930
929
922
917
913
906
904
903
898
895
891
889
888
885
884
879
877
873
872
870
868
866
865
863
850
849
844
843
838
837
836
829
828
823
820
819
818
814
813
812
807
806
805
804
800
799
797
796
789
788
783
775
769
766
762
756
749
747
744
743
741
740
738
737
735
731
724
722
717
713
712
711
696
695
693
689
687
686
679
678
671
670
668
667
664
663
662
655
653
652
648
645
642
639
637
635
634
633
631
628
625
623
622
621
619
615
613
612
608
599
589
585
582
580
577
571
570
568
564
563
561
557
551
545
544
539
534
530
529
523
520
518
517
516
514
510
506
504
501
497
495
494
490
487
482
480
479
476
469
458
452
447
443
438
437
436
434
433
430
429
423
420
417
415
414
413
408
407
405
404
399
397
396
394
393
392
390
388
387
385
384
383
374
373
372
363
362
360
357
356
354
351
346
344
342
340
339
336
335
333
332
329
326
319
318
317
316
315
314
309
304
301
300
299
298
296
293
290
284
283
282
281
280
272
269
268
267
266
265
264
260
259
256
255
254
253
250
248
245
243
240
238
234
233
229
227
226
224
222
221
218
217
216
214
212
209
207
204
203
200
199
195
193
192
184
177
175
174
173
168
167
164
160
152
150
147
142
139
136
135
128
120
119
114
109
108
106
101
99
94
93
92
91
90
86
84
76
75
73
70
68
66
63
57
48
47
45
43
40
31
27
25
23
19
18
16
14
12
5
4
2
1
0
3
6
7
8
9
10
11
13
15
17
20
21
22
24
26
28
29
30
32
33
34
35
36
37
38
39
41
42
44
46
49
50
51
52
53
54
55
56
58
59
60
61
62
64
65
67
69
71
72
74
77
78
79
80
81
82
83
85
87
88
89
95
96
97
98
100
102
103
104
105
107
110
111
112
113
115
116
117
118
121
122
123
124
125
126
127
129
130
131
132
133
134
137
138
140
141
143
144
145
146
148
149
151
153
154
155
156
157
158
159
161
162
163
165
166
169
170
171
172
176
178
179
180
181
182
183
185
186
187
188
189
352
190
191
194
196
197
198
201
211
202
205
206
208
391
422
431
450
473
502
213
210
215
219
239
220
223
225
228
230
258
232
231
241
236
237
235
242
244
262
547
586
246
247
263
276
285
292
603
257
274
271
654
273
294
249
251
270
275
323
770
289
365
303
306
400
291
802
871
894
910
933
1025
1036
1051
1083
1131
252
321
343
1250
324
1371
1387
261
349
297
1399
1401
1455
1475
1548
1571
389
278
1576
1577
312
441
1584
313
1623
1627
1714
1726
1747
1862
1908
1961
1975
2024
2194
2212
2228
2251
2335
2345
2357
320
2368
2438
2442
2460
2507
